3.969065580415828132e-01 2.530548628376493969e+00 1.858178565545757444e+00
4.080027862854536114e-01 2.588664984023095972e+00 1.915293508954526880e+00
3.829335498621330713e-01 2.462566552983578294e+00 1.886280117439205206e+00
3.974481016827496882e-01 2.611935784158014417e+00 1.851039891772721768e+00
4.494985618241282288e-01 2.604682102705043079e+00 1.883194829687705019e+00
3.508864470919529910e-01 2.494322703670210029e+00 1.837912781847201193e+00
4.539801698029384269e-01 2.531193450563456349e+00 2.042212225714808760e+00
3.555222227631087417e-01 2.525477572142028837e+00 1.722403478779086061e+00
4.550649068516161022e-01 2.706217417389217950e+00 1.827957946357137597e+00
3.536223683566818710e-01 2.393008302696784995e+00 1.742152689583437830e+00
4.701604906043138632e-01 2.633813524878941603e+00 1.959212550184626922e+00
4.701604906043138632e-01 2.633813524878941603e+00 1.959212550184626922e+00
3.420403082855721366e-01 2.568809026784203198e+00 1.801854027666612401e+00
4.738043477556611593e-01 2.601945421301583128e+00 1.971402076533373071e+00
3.522457041760702068e-01 2.538531908285705185e+00 1.659819192694451218e+00
5.114766695439030286e-01 2.566814178451317208e+00 1.944951150017376396e+00
3.293494843753700940e-01 2.538178033734939554e+00 1.820645412021812515e+00
4.790285481446886484e-01 2.729025007134891823e+00 1.918442962829014942e+00
3.356459855364424261e-01 2.497064788335967567e+00 1.713996246904550880e+00
4.644094547615831292e-01 2.552543170974581610e+00 2.004404081926433712e+00
3.419140065990624588e-01 2.474528937137607354e+00 1.698747362992111487e+00
4.534411875313102969e-01 2.549687021000203835e+00 1.958769605730790397e+00
3.699606102649699579e-01 2.525669659430725744e+00 1.840190460168546815e+00
4.366346924377711436e-01 2.523407050185529688e+00 1.902384083053670238e+00
3.815990845749231974e-01 2.584745665387773172e+00 1.776736458789736295e+00
3.965226797008497006e-01 2.511303376939313381e+00 1.936992674630710898e+00
3.985644167874344834e-01 2.526737453146154611e+00 1.755233061307403419e+00
4.506098311870763706e-01 2.590893872683176724e+00 1.917134997945610930e+00
3.571399886541556379e-01 2.664479478616376351e+00 1.787626573900011451e+00
4.436135828063862974e-01 2.549424710241094960e+00 1.952128102151811539e+00
4.065172184028750246e-01 2.536690026013484367e+00 1.847041198764052927e+00
4.284010090826717021e-01 2.569997286321062280e+00 1.833939121383890258e+00
3.657337441464284522e-01 2.418584230584748695e+00 1.804640091127398760e+00
4.340896408249774741e-01 2.653574088737379544e+00 1.951640813130981700e+00
3.672683794043359318e-01 2.585615422073849423e+00 1.775321559419873907e+00
4.048543192851626338e-01 2.563951187207913929e+00 1.890340759164976348e+00
4.049162027555161525e-01 2.532552058618430024e+00 2.020370661994572270e+00
3.934341772800606929e-01 2.525297103755522521e+00 1.931150960713247544e+00
4.415048997764038363e-01 2.610909949515715756e+00 1.951026372758993599e+00
3.543075067833381664e-01 2.547873047780492950e+00 1.934505239133001320e+00
4.470312706900935185e-01 2.540930056517480828e+00 1.900120232835355472e+00
3.607225349023188699e-01 2.512682126760548140e+00 1.827291478375013378e+00
4.607504927686209562e-01 2.652187132298846617e+00 1.878213091292799231e+00
3.332586617189040035e-01 2.479812532096410838e+00 1.730411052857839582e+00
3.332586617189040035e-01 2.479812532096410838e+00 1.730411052857839582e+00
4.879944319264387653e-01 2.679107399722412186e+00 1.979147102058184116e+00
3.539906262822328231e-01 2.549045354403148611e+00 1.813529932531685596e+00
4.532398290759315218e-01 2.556740419550456611e+00 2.122048490987687330e+00
3.518278877659409831e-01 2.473114686189015199e+00 1.693521843062218757e+00
4.457494041267979212e-01 2.630071278895701248e+00 1.866685556117973821e+00
3.701463207085198825e-01 2.541079615605720043e+00 1.790463374391612517e+00
4.254606264740091737e-01 2.559669096493817797e+00 1.964170919013249472e+00
3.818518475008280677e-01 2.585072851714517395e+00 1.912889708578328518e+00
3.874981040939140531e-01 2.507089857959268642e+00 1.874497340911905674e+00
4.007384554257338305e-01 2.521633725394290870e+00 1.860996798851592304e+00
4.269830908215354048e-01 2.521097984467258524e+00 1.851296477431619181e+00
3.539424673331981186e-01 2.490620195315893959e+00 1.943676908419907035e+00
4.424676936138592365e-01 2.539022712234643819e+00 1.810054534623837474e+00
3.554792757961965921e-01 2.517449886280027638e+00 1.824479883139291214e+00
4.493982309050363888e-01 2.566449781170686339e+00 1.905060225507369198e+00
3.790817512112810705e-01 2.500146434558497610e+00 1.922042549599231265e+00
4.190070139831286733e-01 2.562224748541170438e+00 1.786857323139963816e+00
4.035235797482230602e-01 2.532428827582114295e+00 1.819088445276057842e+00
4.083160587683488107e-01 2.444516982064353527e+00 2.010938071267669436e+00
3.914941248337962532e-01 2.579865123388758619e+00 1.706883344622531995e+00
4.218142352043369181e-01 2.581390310603461913e+00 1.851557808037102903e+00
4.264321579052974820e-01 2.574042989133538573e+00 1.893143437948400010e+00
3.554322602191190006e-01 2.571161728231304622e+00 1.883525856348560401e+00
4.344482763400442926e-01 2.576331582937107179e+00 1.928878262753884965e+00
4.344482763400442926e-01 2.576331582937107179e+00 1.928878262753884965e+00
3.446975539191500237e-01 2.463862879205211520e+00 1.943807064041935595e+00
4.209786984278302002e-01 2.696319739983614294e+00 1.694827295092639075e+00
4.025958337242265817e-01 2.589930906339442451e+00 1.597835243528964888e+00
3.909965016322286546e-01 2.550733570514703175e+00 1.838574210343973059e+00
4.552556385471489553e-01 2.630414686930012014e+00 1.971954678138934103e+00
3.924019453594643214e-01 2.530966041450484649e+00 1.750692976137681045e+00
4.429067274512779040e-01 2.425688856310808994e+00 2.027020162653385693e+00
2.512981159985623325e-01 2.293624577852047874e+00 1.337577047820065479e+00
2.512981159985623325e-01 2.293624577852047874e+00 1.337577047820065479e+00
3.122295020243989749e-01 2.469922644718183236e+00 1.268961985884248911e+00
3.121279303914219483e-01 2.410151304089679147e+00 9.212126485305258683e-01
3.206479116706905663e-01 2.634467494967251078e+00 1.019798853876930478e+00
3.206479116706905663e-01 2.634467494967251078e+00 1.019798853876930478e+00
3.512719731726771100e-01 2.578467608973893377e+00 1.045765132393719599e+00
3.228311988272051791e-01 2.578220812742359147e+00 1.041418469895073251e+00
3.556141598222500866e-01 2.590411928271712405e+00 1.059333776207547428e+00
3.545602029708957437e-01 2.586463264540201479e+00 1.050490494103111017e+00
3.511425616191657384e-01 2.558258086819168664e+00 1.045478606375111141e+00
3.394013607967368840e-01 2.633949512138400895e+00 1.033439166139448195e+00
3.110300278983686439e-01 2.450755591057562910e+00 1.019304584088054355e+00
3.110300278983686439e-01 2.450755591057562910e+00 1.019304584088054355e+00
3.419816165356988624e-01 2.639984751702689536e+00 1.037650861189241214e+00
3.204280120241955188e-01 2.548657592265454408e+00 1.035396081554997405e+00
3.068170663382971952e-01 2.493016155471222906e+00 1.025598054617445465e+00
2.910185662276826846e-01 2.509712605436856592e+00 1.026334335480100446e+00
2.944683653808244372e-01 2.538654519409810906e+00 1.036811011122711568e+00
2.944683653808244372e-01 2.538654519409810906e+00 1.036811011122711568e+00
2.987358962591838418e-01 2.520176995898059324e+00 1.046831588961493864e+00
3.010814336589641704e-01 2.476974973256055090e+00 1.031330030624870941e+00
3.114044087715429621e-01 2.610226650796951375e+00 1.029454239207316268e+00
3.261650431363997127e-01 2.552547133911132526e+00 1.051709696013396034e+00
3.121973137240031670e-01 2.528970309701269681e+00 1.051036097661027124e+00
2.964218477075948877e-01 2.576876916406562579e+00 1.043788378474197032e+00
3.274887405925666628e-01 2.478402409750827484e+00 1.063359009800960431e+00
3.401974450674713490e-01 2.599086063148961401e+00 1.059346162570411698e+00
3.014269419161277330e-01 2.571345531032084519e+00 1.036128767410457119e+00
3.042818657029253693e-01 2.410396747754790958e+00 1.056531941629724081e+00
3.056411050858150458e-01 2.561555664774747942e+00 1.069942788079598861e+00
2.993237880891585490e-01 2.473111469943211738e+00 1.068032382804923852e+00
3.011771414076047093e-01 2.553629326033050262e+00 1.045757513135030958e+00
3.082881599048351573e-01 2.469076516756227413e+00 1.061308341570653013e+00
3.297483336235765838e-01 2.576213243289314114e+00 1.052965271649769274e+00
3.297483336235765838e-01 2.576213243289314114e+00 1.052965271649769274e+00
3.297483336235765838e-01 2.576213243289314114e+00 1.052965271649769274e+00
3.346915174897485135e-01 2.569896123179174818e+00 1.062537958155644224e+00
3.190492021213692242e-01 2.521675264755981694e+00 1.042017628005398988e+00
2.942201264834612418e-01 2.503074619970878434e+00 1.033121662773281324e+00
2.696763675224878587e-01 2.486976113092276286e+00 1.033945746429256962e+00
3.264169969722469644e-01 2.549933288096982942e+00 1.054461721501887439e+00
3.331091916904884709e-01 2.628252865333301713e+00 1.063516943670857362e+00
3.622112224741698139e-01 2.562663437470443117e+00 1.063757791544661657e+00
3.214962588753423889e-01 2.534595892136383366e+00 1.051869861904719761e+00
3.199569308768049347e-01 2.622825552108729141e+00 1.048220850334595111e+00
3.026000016488520350e-01 2.501027278526352315e+00 1.044520685867395660e+00
3.003758688425263168e-01 2.598193252418252719e+00 1.048961231756576185e+00
3.190940763062809493e-01 2.521349258209991895e+00 1.049602173746212896e+00
3.462467060083873061e-01 2.621101447688024777e+00 1.069946690917872756e+00
3.486711608980227473e-01 2.563578563457216575e+00 1.060643227183522663e+00
3.246991817488126264e-01 2.580179135817045388e+00 1.041468601237920177e+00
3.173192463272823116e-01 2.495586746032490311e+00 1.046195093116731645e+00
2.972711014860613954e-01 2.457032095060668553e+00 1.048237940593831574e+00
3.124519145514594309e-01 2.524328075611105948e+00 1.073621776363951286e+00
3.153292041867811202e-01 2.583352543813846491e+00 1.070027599524216555e+00
2.960473946519988631e-01 2.564961772126356010e+00 1.064345137119511620e+00
3.361814938846706124e-01 2.542960930351057414e+00 1.072850237869930501e+00
3.652481425268507831e-01 2.734731877358718144e+00 1.093228644600139354e+00
3.567083787038259346e-01 2.526014019266126898e+00 1.094574318104597710e+00
3.484222768034859197e-01 2.657451559320393120e+00 1.072879592077594424e+00
3.357342115330861909e-01 2.570527942308297398e+00 1.053961602214446680e+00
2.962228503636653576e-01 2.540204653447044159e+00 1.029708763398388571e+00
3.279562208987790717e-01 2.571495251412586835e+00 1.048915331799682438e+00
3.146348017368665317e-01 2.553786865670280015e+00 1.039650925921309810e+00
3.410648544749416144e-01 2.579307097551585493e+00 1.050279593091220764e+00
3.004205331938697987e-01 2.548933345949419227e+00 1.022287440710888839e+00
3.330806060048371875e-01 2.606906912704530122e+00 1.027718066992242774e+00
3.551349762742748717e-01 2.606925765383337090e+00 1.039995895113184021e+00
3.114689428902566726e-01 2.573204723381384174e+00 1.015521448905978286e+00
3.361128418079829538e-01 2.611573016456217200e+00 1.025965410894653873e+00
3.107304809107353516e-01 2.502093670946291315e+00 1.029792505260232804e+00
3.187251680607367521e-01 2.558192430233565240e+00 1.049010758532891829e+00
3.138406025672524358e-01 2.566226179064209134e+00 1.035607706561961772e+00
3.377673436005578789e-01 2.522777881645314135e+00 1.053118912864966283e+00
3.435360928865150987e-01 2.605903349792149104e+00 1.049910070277378038e+00
3.119711726628687787e-01 2.535410799064764298e+00 1.033774054959787136e+00
3.126309861978212590e-01 2.537185427341078547e+00 1.021495073040773915e+00
3.128035273851776932e-01 2.505640298705498648e+00 1.035162377616650531e+00
2.791231244976709602e-01 2.511003703946310672e+00 1.039948443448233339e+00
3.195551910202508727e-01 2.514202371210369158e+00 1.063218152549561424e+00
3.230034988280193753e-01 2.540523359940188186e+00 1.056084214492396089e+00
3.130692262379875523e-01 2.531987229724721011e+00 1.048383670549980051e+00
3.130692262379875523e-01 2.531987229724721011e+00 1.048383670549980051e+00
3.368231529252712075e-01 2.529104672597715986e+00 1.045748028770174587e+00
3.368231529252712075e-01 2.529104672597715986e+00 1.045748028770174587e+00
3.198011334794662597e-01 2.557890529724455853e+00 1.037219866018857184e+00
3.230936503010253258e-01 2.563801124340549631e+00 1.045172431515418277e+00
2.872275747551112368e-01 2.464330953828448134e+00 1.040891148543666045e+00
2.997739508573872280e-01 2.575736183936784940e+00 1.037428748879242191e+00
3.351585627671019307e-01 2.526854435675151223e+00 1.064759100516379009e+00
3.151558441954917522e-01 2.559914704375670702e+00 1.063172284238609988e+00
3.123202763743758159e-01 2.562531384713535143e+00 1.076899214862861109e+00
3.017564739852400257e-01 2.508816255570505138e+00 1.078159923811969012e+00
3.064724429428967167e-01 2.586681207074748912e+00 1.085712738615255413e+00
3.139400910246802900e-01 2.540810300323147697e+00 1.093324644629693587e+00
3.125397322593776450e-01 2.573975823415975750e+00 1.094120934012652757e+00
3.122910112397435101e-01 2.549473551926323633e+00 1.082048878199902697e+00
3.090192398818515374e-01 2.528430727111977916e+00 1.082252607920392018e+00
3.272783341439464144e-01 2.596368676295143452e+00 1.098313891973967449e+00
3.319438196499763793e-01 2.573991349282678698e+00 1.098666281687224799e+00
3.725927738086249330e-01 2.658999543631431983e+00 1.116468157199566047e+00
3.249500408340496027e-01 2.561740704358314691e+00 1.103512426329608997e+00
3.194056954903278234e-01 2.511151013808782473e+00 1.101286973197147523e+00
3.103774683568020221e-01 2.598687795465674188e+00 1.085535883780785804e+00
2.954917044011784455e-01 2.571761731928711825e+00 1.080941609121652380e+00
3.317207092916058531e-01 2.558381206138471420e+00 1.108551861570510111e+00
3.331056587050713613e-01 2.574991781357518938e+00 1.104197549081600283e+00
3.258908744846823469e-01 2.550909262882489426e+00 1.100881292772823317e+00
3.196090824390025453e-01 2.656730192899694476e+00 1.085967552840566785e+00
2.802101672369731178e-01 2.448429252509494169e+00 1.055707563449044040e+00
2.963524458291277863e-01 2.523499921289360071e+00 1.045413668474799662e+00
3.390927474958760901e-01 2.591518797397396323e+00 1.071848585412997101e+00
3.661299402974316219e-01 2.589253903579108229e+00 1.075803681475518303e+00
3.380849877618891108e-01 2.671213232850488950e+00 1.073664268418399237e+00
3.662979108810707762e-01 2.583528448824791379e+00 1.091590815979124329e+00
3.150691228491919182e-01 2.602222355444241408e+00 1.070597120576167516e+00
3.339055088194234910e-01 2.643003078942006479e+00 1.063765603514562841e+00
3.373506948722116427e-01 2.550500101051133228e+00 1.073805601965007961e+00
3.189400502122284320e-01 2.522633257969896903e+00 1.053146692774434623e+00
3.286726938793447794e-01 2.574727434018075023e+00 1.046161100090631235e+00
3.216656014933476082e-01 2.571596756561299379e+00 1.034220774674045495e+00
3.479410400337062947e-01 2.592713155190475405e+00 1.034362958544083222e+00
3.465942723251714264e-01 2.567392486506564708e+00 1.027803043966244001e+00
3.592186654959214076e-01 2.661773182819806571e+00 1.024141213815815465e+00
3.135089129973209210e-01 2.538427567732450818e+00 1.002187771048339560e+00
3.240637255485354085e-01 2.577748955763390359e+00 1.009256162389832401e+00
3.172430734393381635e-01 2.627821941303348563e+00 1.011067031106393399e+00
3.086749107309151308e-01 2.494531996286037945e+00 1.003856539382025126e+00
2.985745522636254479e-01 2.529963908454481381e+00 1.001119215844788801e+00
3.130934678152428319e-01 2.569500182874734140e+00 1.004676673342032034e+00
3.427130394183460771e-01 2.546795351989901590e+00 1.017145404750942950e+00
3.427130394183460771e-01 2.546795351989901590e+00 1.017145404750942950e+00
3.835350708325906965e-01 2.663374021040082251e+00 1.034919316996213201e+00
3.869435146631986511e-01 2.649658589299822342e+00 1.043892883143356487e+00
3.439734895495650813e-01 2.584475298946325328e+00 1.022027135374834694e+00
3.441314863225655163e-01 2.559357232960481454e+00 1.029151481947431890e+00
3.813325692734377825e-01 2.686808164591829140e+00 1.031632102267246776e+00
3.596714346684045660e-01 2.598098189739912467e+00 1.021018560280507748e+00
3.355542335376220930e-01 2.536332144820063306e+00 1.012139029385039857e+00
3.110092472777121753e-01 2.558335095914302748e+00 9.981695564293272538e-01
3.125133313588749906e-01 2.503739338275326354e+00 1.008189157000660918e+00
3.377776682293172072e-01 2.575318042878439684e+00 1.025527955240251199e+00
3.377776682293172072e-01 2.575318042878439684e+00 1.025527955240251199e+00
3.349274588300534261e-01 2.611306007583311661e+00 1.018161492008278213e+00
3.349274588300534261e-01 2.611306007583311661e+00 1.018161492008278213e+00
3.025032252302657931e-01 2.509116625928844879e+00 1.018958810968919604e+00
2.955651563062989262e-01 2.415347562089192657e+00 1.028175340779270197e+00
2.806239266324181414e-01 2.608407700100686899e+00 1.013707621544490456e+00
2.951542369523154075e-01 2.430658237480292971e+00 1.045413671233218267e+00
2.691876130818847690e-01 2.517350482528730282e+00 1.024167498206885796e+00
2.745596885392652675e-01 2.486956412723143828e+00 1.052041158494437578e+00
3.066401333820494290e-01 2.498695888197325576e+00 1.060653229139219889e+00
3.075086649928358007e-01 2.479419007099982419e+00 1.052931551034861579e+00
3.229824714582286149e-01 2.578975716435664811e+00 1.071413309167073891e+00
3.287320573034553939e-01 2.583098445506531782e+00 1.089110915072223129e+00
3.877737507122548388e-01 2.743179052656667505e+00 1.101664112303584409e+00
3.765832851731966135e-01 2.657179016953459705e+00 1.087522347140037260e+00
3.442930774415917106e-01 2.647582201409090175e+00 1.082935367200721588e+00
3.502032308902716107e-01 2.529314670907616414e+00 1.090033221144276920e+00
3.301377480379906748e-01 2.592263001093241925e+00 1.062483685856767446e+00
3.457616637037942420e-01 2.661699409800841298e+00 1.051096194088231739e+00
3.272381710599595039e-01 2.645272289332570637e+00 1.032883211658277345e+00
3.125856408102660744e-01 2.528963900397201314e+00 1.017238533404487111e+00
2.757366517499172387e-01 2.478704553853449788e+00 1.016563599581331800e+00
2.991394670812840828e-01 2.507910248112698248e+00 1.050159185101853243e+00
3.413222737726831491e-01 2.540104960081785102e+00 1.070072308826815366e+00
3.167218700698026246e-01 2.613521552630788225e+00 1.056024441420579940e+00
2.813482834423758350e-01 2.406625855364377120e+00 1.042731069689270429e+00
2.868290744111394175e-01 2.539813177018449775e+00 1.036539438107873856e+00
3.367248442750071513e-01 2.596671977766229489e+00 1.044728358712312621e+00
3.744746967158410489e-01 2.687899680844905603e+00 1.062917038694120020e+00
3.496993901311735709e-01 2.486869425449823812e+00 1.047820217797876152e+00
3.068712285045047672e-01 2.566390414295640188e+00 1.024210180440561890e+00
3.287084380274572504e-01 2.553067196164847452e+00 1.034884428449475591e+00
3.209485950401503862e-01 2.628519862246451844e+00 1.033542488033324158e+00
3.224294026622259723e-01 2.553580977376014527e+00 1.048424378476356500e+00
3.177778957310135599e-01 2.528895689131866131e+00 1.044335823100454474e+00
3.333190022795427532e-01 2.496792146338699503e+00 1.052581949526836480e+00
3.322009992217118124e-01 2.577441715575830905e+00 1.053176062025548809e+00
3.182488013594621523e-01 2.524349702644510529e+00 1.047457195635304705e+00
3.344162961268734580e-01 2.585777544213623269e+00 1.046768799778263759e+00
3.431630203386770162e-01 2.641740527823743800e+00 1.041094281909035857e+00
2.882427873156599984e-01 2.446314213626965994e+00 1.017537399465397785e+00
2.948012251818414309e-01 2.514653944735524949e+00 1.037680428079791328e+00
2.736295140545845772e-01 2.417639069689243136e+00 1.033114342120981854e+00
3.120272134372766848e-01 2.553417756484331225e+00 1.048152030591857908e+00
3.139292819184839045e-01 2.496500869423303737e+00 1.057535474304033940e+00
3.139292819184839045e-01 2.496500869423303737e+00 1.057535474304033940e+00
2.859556639292671898e-01 2.421074551158127086e+00 1.062989066630465551e+00
3.682232820508407056e-01 2.679606160295094242e+00 1.069618547926407537e+00
4.100085645678022139e-01 2.702371621618410380e+00 1.071220623367510116e+00
3.798505102748931939e-01 2.596985081429597830e+00 1.067989131419476045e+00
3.484687933227281764e-01 2.622455990836375150e+00 1.064316403958554869e+00
3.513853365562001896e-01 2.606050630901977083e+00 1.063155351617628863e+00
3.155578933034750566e-01 2.500506108159494367e+00 1.050792024824334536e+00
3.019682279027062211e-01 2.543767547820021235e+00 1.041279801149859630e+00
3.359038823405837149e-01 2.553920363685628470e+00 1.043337445787480000e+00
3.148406365869315660e-01 2.640818987035229437e+00 1.021464887962779455e+00
3.086649152477649594e-01 2.452821412155302028e+00 1.026668657530122264e+00
3.024293513900036534e-01 2.574994685786926585e+00 1.015181337875755929e+00
3.501912688944526786e-01 2.614030626847412275e+00 1.043444393774620282e+00
3.498916621348903133e-01 2.599804623837043138e+00 1.047881118054276195e+00
3.145695523033078533e-01 2.507708011398009695e+00 1.026428767944256304e+00
3.248893978512168434e-01 2.595726643253493560e+00 1.035466208057845838e+00
3.562152379258849977e-01 2.625492648220436376e+00 1.048042895922277618e+00
3.333298907126337474e-01 2.592192553915589226e+00 1.044370308461172403e+00
3.690281186748327058e-01 2.638925467554376514e+00 1.063346680930760568e+00
3.640678473259053582e-01 2.689739593204108381e+00 1.069941704427796125e+00
3.686849992349943705e-01 2.538241955343898848e+00 1.069605234117716908e+00
3.347982117956465054e-01 2.612724289386675558e+00 1.049953287506876665e+00
3.107932582836564483e-01 2.554355284215948707e+00 1.045058537609635740e+00
2.982406068492963747e-01 2.559169280924269430e+00 1.037896276683387020e+00
2.846321699784426507e-01 2.455144151101560812e+00 1.054648375693466145e+00
2.864837089425482652e-01 2.551552024686683406e+00 1.038614786960548209e+00
2.803997592174931053e-01 2.457787169042580100e+00 1.034917699234392696e+00
2.934198682925009960e-01 2.509720636376713276e+00 1.029951124692405351e+00
3.121071724685526294e-01 2.498831835611836194e+00 1.022250335779884889e+00
2.986688597792953037e-01 2.522922223158196253e+00 1.024128645244802183e+00
2.833281866058169340e-01 2.468207645628099911e+00 1.008642161261463333e+00
3.134377887753506120e-01 2.547408239827762433e+00 1.027437995482163080e+00
3.818124826864536803e-01 2.686429014859128994e+00 1.065745681141585299e+00
4.063033877517798209e-01 2.663798995769687927e+00 1.080816195668228508e+00
3.992526661760540385e-01 2.684235952526952573e+00 1.089647876961438389e+00
3.523748890493462738e-01 2.642898496090280158e+00 1.080694754073772135e+00
3.523748890493462738e-01 2.642898496090280158e+00 1.080694754073772135e+00
2.971753222707149700e-01 2.509423147965837764e+00 1.051366805626272605e+00
3.057710300784418633e-01 2.553335064183485326e+00 1.055067640706854437e+00
3.355205804296486072e-01 2.551762127956826109e+00 1.052544942227709779e+00
3.476118942481375429e-01 2.716394618984886211e+00 1.065509558393678446e+00
3.083406404059029216e-01 2.457901537860089025e+00 1.059168559177950719e+00
3.186636310293332608e-01 2.623672418879836155e+00 1.069369229383954956e+00
3.143687213391726520e-01 2.573991116048844674e+00 1.052978902076103340e+00
3.112203105076277732e-01 2.617721019663623583e+00 1.042362663223487251e+00
3.347269115765644232e-01 2.554832458497712899e+00 1.052490898794632423e+00
3.148764845111891031e-01 2.642297320378321768e+00 1.034930407072270908e+00
3.430684287629807705e-01 2.565558141164316908e+00 1.060152043215396578e+00
3.794880937861925263e-01 2.675165572793662516e+00 1.086240244231752028e+00
3.884765831139838088e-01 2.703568751275109427e+00 1.090443886530211515e+00
3.496604689723196713e-01 2.696158859132994579e+00 1.077629906094860202e+00
3.771465055064570637e-01 2.607347503146622447e+00 1.078018129407979586e+00
3.468354148806659376e-01 2.740296031964852386e+00 1.066672118786632373e+00
3.448682057508147825e-01 2.541730227915928619e+00 1.060625495517308226e+00
2.964875057087882904e-01 2.636003748794431445e+00 1.032360885365209313e+00
3.316239696459730157e-01 2.486674972149122809e+00 1.059403176574898575e+00
3.191861567473449068e-01 2.673500411859558223e+00 1.059004477677374823e+00
3.039833974880243317e-01 2.418212283667395823e+00 1.050350451452046308e+00
3.194062885054331780e-01 2.662692472175032687e+00 1.045084295370408034e+00
3.491257690856379159e-01 2.609100390197043762e+00 1.066229701479305625e+00
3.287218943488394163e-01 2.570101221570171734e+00 1.048108575811851795e+00
3.221904242404715624e-01 2.546297545321402289e+00 1.050327300426931343e+00
3.154163661090070847e-01 2.576024338977011219e+00 1.060227302906283642e+00
3.108209761422997541e-01 2.542297669290858764e+00 1.057853428600871615e+00
2.768990278102075320e-01 2.430065030437063900e+00 1.023325509150687873e+00
2.922462724880743878e-01 2.560622949034451423e+00 1.024674750656018762e+00
2.795020696705721175e-01 2.430439944788139517e+00 1.035136823627952118e+00
2.999038440512258319e-01 2.655652408719350266e+00 1.038728232857623279e+00
3.221316752363670433e-01 2.469281023427161603e+00 1.068558959598894020e+00
2.938965813973275498e-01 2.632482729816663536e+00 1.044748661111188914e+00
3.605438409764021856e-01 2.475063560206261393e+00 1.075071103392841954e+00
3.626638159205310963e-01 2.737045312974603739e+00 1.081880708156905513e+00
3.312100022683118206e-01 2.488501214735600264e+00 1.063691494824772876e+00
3.210219271776348915e-01 2.562762086559085883e+00 1.054117663486358270e+00
3.093609297240603739e-01 2.568862554894232098e+00 1.045241175659143540e+00
2.886401790601625938e-01 2.461875849499630231e+00 1.031247288404481655e+00
2.950216779199867911e-01 2.494318298326537509e+00 1.036001726872924023e+00
3.079359768057552404e-01 2.525014348183650004e+00 1.045129588307333046e+00
3.268428491386796142e-01 2.552083645516753485e+00 1.064998710993473319e+00
3.149982242038260050e-01 2.570174091687560392e+00 1.055954653323642134e+00
3.253869164670140646e-01 2.624310515556575574e+00 1.059677105369807970e+00
3.297922157578663249e-01 2.504967680289094112e+00 1.083029484448435831e+00
3.294583373872818632e-01 2.594773061044345575e+00 1.089512246892628378e+00
3.199150127812572797e-01 2.514390827266442141e+00 1.080070598272521165e+00
3.660452433104385839e-01 2.621541702527348416e+00 1.089788999745657350e+00
3.552526421436227877e-01 2.645109480683399461e+00 1.088245161417310314e+00
3.132679081531309917e-01 2.504976476403470542e+00 1.057454348575658454e+00
3.006737047920093886e-01 2.536802088672367450e+00 1.038239787992290442e+00
3.006737047920093886e-01 2.536802088672367450e+00 1.038239787992290442e+00
3.120468009493338468e-01 2.556027018487443403e+00 1.033710220630109866e+00
3.487012481743098080e-01 2.547558088639015672e+00 1.058312040695353895e+00
3.286514225546062207e-01 2.582694831182715589e+00 1.065162946350348472e+00
3.008892448117029828e-01 2.518837146519349535e+00 1.048984333814303449e+00
3.098716425462283430e-01 2.548374330997021708e+00 1.057480725484920336e+00
3.280199707523412389e-01 2.553189889570410820e+00 1.065468497563358374e+00
3.054224730495123108e-01 2.547501562144364406e+00 1.054866125179344527e+00
3.161378117291881451e-01 2.571674607271665192e+00 1.049498433230368732e+00
2.877211123507348312e-01 2.487198461790151249e+00 1.019632581282734485e+00
3.362616207862548223e-01 2.564624766510081866e+00 1.029044958796103693e+00
3.008278220176338058e-01 2.532625743565104059e+00 1.023836894468641567e+00
3.008809925790186246e-01 2.514496841323456966e+00 1.032460080322299634e+00
3.317763582419004931e-01 2.553970424352110413e+00 1.033853821572718656e+00
3.123317751475441217e-01 2.523079493082941660e+00 1.031975482957658841e+00
3.152561904465834286e-01 2.504142589757074600e+00 1.030546976615934751e+00
3.277912816749804503e-01 2.562346405076724398e+00 1.050021837048255025e+00
3.181884166792268709e-01 2.546310980095283671e+00 1.051277325183609834e+00
2.888455163389542224e-01 2.507542876938978260e+00 1.059584130460150542e+00
3.109364094023513436e-01 2.567430968024274840e+00 1.062674766547923477e+00
2.963239239177103412e-01 2.456044009684721363e+00 1.064920225759107719e+00
2.750830122849625692e-01 2.558522677364461817e+00 1.038821197195630930e+00
3.726132242635947223e-01 2.589079353808291462e+00 1.075356240866677693e+00
3.523828980461939375e-01 2.682429757824339234e+00 1.067454097690489823e+00
3.388243869849165701e-01 2.528378220843225055e+00 1.064353027672365615e+00
3.312436602103592254e-01 2.596874316308238839e+00 1.066168927105503261e+00
3.023417590880470573e-01 2.481388067721636670e+00 1.057339113022013777e+00
2.872267531569515642e-01 2.543134943383064339e+00 1.068153249965527074e+00
3.161153167650362361e-01 2.554999624467063857e+00 1.065418202507568912e+00
2.837897182520165429e-01 2.462633042164326103e+00 1.039493434937787120e+00
3.151700522873018273e-01 2.517895287946468219e+00 1.064193676963141710e+00
3.210404736515937163e-01 2.613158169723893032e+00 1.047928763366188676e+00
3.217147887853750166e-01 2.576827233978242759e+00 1.045033938673566309e+00
3.257153507019474592e-01 2.579974090833117017e+00 1.052167649839319985e+00
3.388203537427945666e-01 2.625865223204018495e+00 1.063368220820610333e+00
3.164617014209781809e-01 2.567738261121165877e+00 1.053626857215942181e+00
3.565722225557909630e-01 2.560971385794693855e+00 1.061421389790160985e+00
3.257212585823150430e-01 2.683992274742849293e+00 1.049371005643206844e+00
3.274058209679504006e-01 2.521801303023177621e+00 1.072321195329260624e+00
3.065833194144694795e-01 2.559927152346192614e+00 1.072223659029953202e+00
3.033320006357957399e-01 2.508641823750706212e+00 1.054131067135125610e+00
3.280509180469876607e-01 2.549333911816992426e+00 1.051363299383047289e+00
3.103652021952590379e-01 2.536725821646389711e+00 1.038208722551537955e+00
3.547803165336620990e-01 2.557840072382877139e+00 1.055923293982420796e+00
3.243289530433405288e-01 2.632659376465583900e+00 1.056116706709369746e+00
3.549736954969991976e-01 2.553127760718957528e+00 1.072327472198941312e+00
3.392346479380959345e-01 2.652634369161475547e+00 1.053174826086581639e+00
3.526289570105907711e-01 2.551213382923096074e+00 1.075890559226715393e+00
3.802925619502580123e-01 2.531767881738817394e+00 1.087381842933173415e+00
3.171151581382062878e-01 2.610607567615577551e+00 1.065774090604381996e+00
3.304303169466263901e-01 2.561285508976364422e+00 1.057477765786439594e+00
3.053766504306831275e-01 2.557162021880762470e+00 1.064120178966908359e+00
3.608913234919099988e-01 2.646125200693439261e+00 1.082669707855911101e+00
2.989828322348138112e-01 2.553519078392162189e+00 1.048808306335536011e+00
3.041609619447120938e-01 2.457086417830893765e+00 1.062936320269130208e+00
3.277661738435712624e-01 2.549606870932616509e+00 1.065587525873704866e+00
3.010914226445066122e-01 2.500146080406323801e+00 1.049283410618954360e+00
3.390000942788284344e-01 2.567370975079551254e+00 1.080143249002150085e+00
3.115819510206138676e-01 2.559652832037565329e+00 1.074885721621103185e+00
3.280283407551266017e-01 2.611463322053181546e+00 1.090165775422116790e+00
3.336243226203350343e-01 2.553023920446839679e+00 1.092789397406988217e+00
3.287267380113844673e-01 2.662054905584241293e+00 1.086650111140142760e+00
3.251600331625965623e-01 2.491724884627437131e+00 1.078417015524272271e+00
3.348012551182660834e-01 2.646352325172542042e+00 1.092317103230488140e+00
3.359984370961769939e-01 2.585642202848004167e+00 1.097600499456178991e+00
3.497554161685609841e-01 2.626932616453007352e+00 1.089949831019966897e+00
3.503643089448389980e-01 2.657965545208924585e+00 1.074083569344246092e+00
3.503643089448389980e-01 2.657965545208924585e+00 1.074083569344246092e+00
3.285453349217961061e-01 2.515349354080590238e+00 1.064460125092948406e+00
3.324832388661571048e-01 2.571499047485110712e+00 1.067386397380433172e+00
3.305242982915684302e-01 2.667084128036494306e+00 1.073191258574580198e+00
3.208112095782084672e-01 2.421085297073084508e+00 1.075623504828856936e+00
2.986393489833937265e-01 2.635879258960375893e+00 1.066725520473529309e+00
3.131775642320889785e-01 2.413901251065249998e+00 1.069226519610438242e+00
3.169792582301405592e-01 2.663761126179089000e+00 1.060751743842732964e+00
3.225169016345565964e-01 2.515132225738121008e+00 1.068970155411655742e+00
3.077848360224734736e-01 2.518964897748027898e+00 1.048957801109412724e+00
3.050552439623296919e-01 2.563345418083878613e+00 1.034424816437417904e+00
3.050552439623296919e-01 2.563345418083878613e+00 1.034424816437417904e+00
3.246721326357204784e-01 2.563616887848645831e+00 1.027341460394620931e+00
3.202821367097734018e-01 2.536244691010013597e+00 1.031055188377318688e+00
3.202821367097734018e-01 2.536244691010013597e+00 1.031055188377318688e+00
3.089900529371819582e-01 2.580943022084068783e+00 1.033900699343622165e+00
3.111976286505518385e-01 2.533143112470053193e+00 1.054483650571581776e+00
3.081750223015888857e-01 2.572414913684353266e+00 1.050250389939047624e+00
3.052121732331313786e-01 2.629513215964050410e+00 1.057071498755192795e+00
3.368992086379263839e-01 2.506679428251753716e+00 1.057625247876721630e+00
3.081229753890384337e-01 2.561803769261335351e+00 1.039973759610012483e+00
3.115412582922177376e-01 2.700791523324760579e+00 1.046579311144950841e+00
3.231419731956696184e-01 2.496638148528355305e+00 1.059643160653958693e+00
3.076235390357603405e-01 2.547144899899135062e+00 1.037192220683408772e+00
3.272900273763998946e-01 2.509801218511337861e+00 1.041967762057622426e+00
3.138099683735389167e-01 2.581359742525320300e+00 1.018968148878030888e+00
3.282945438256462678e-01 2.529425802508902699e+00 1.031789716469576179e+00
3.201245396554720513e-01 2.589729973717593392e+00 1.040983146660715564e+00
3.483723283427090922e-01 2.593455827102047362e+00 1.068353745717737002e+00
2.925842431560596313e-01 2.494180587021277873e+00 1.028582664887455866e+00
3.236954682211410916e-01 2.585308320307563967e+00 1.055160749648572427e+00
3.475209635308139089e-01 2.677573869372762871e+00 1.060516977763358737e+00
3.301157417027874019e-01 2.554376334700754647e+00 1.072997304174167832e+00
2.965284768615408240e-01 2.506358695763126310e+00 1.060208011698080099e+00
3.339796471101646458e-01 2.558160861622273963e+00 1.072260229778279061e+00
3.225689708821736223e-01 2.601665150818070149e+00 1.065890243706497209e+00
3.498527356773379338e-01 2.594921365299281746e+00 1.064328990519553209e+00
3.339787872571532423e-01 2.572673077040829703e+00 1.046184742024668823e+00
3.250111729382620940e-01 2.594591809491603396e+00 1.056253947272647986e+00
3.613357222025314064e-01 2.555276474681348109e+00 1.065438767777632245e+00
3.285349231566176420e-01 2.645054921309303086e+00 1.043462441218640624e+00
3.448406890832035332e-01 2.538236279509541671e+00 1.052356499677525870e+00
3.642007474182101245e-01 2.608798479203884302e+00 1.056832590662136528e+00
3.364339143655281084e-01 2.632810930802877092e+00 1.053471005024620322e+00
3.285232392754144914e-01 2.539466052805829488e+00 1.057165920784358892e+00
3.286240499653867997e-01 2.609479622462123949e+00 1.053600879523395539e+00
3.675083628511216505e-01 2.697280231019169694e+00 1.069955413445080161e+00
3.689177736895289383e-01 2.535819567265110042e+00 1.085827315398064652e+00
3.153675324082083620e-01 2.635549480786890442e+00 1.042148810597764541e+00
2.876991193853059015e-01 2.478209932037220842e+00 1.053210192646832022e+00
3.073026389714348383e-01 2.510010342131800076e+00 1.060230268993525904e+00
3.100038763050498303e-01 2.549825746773086710e+00 1.056792759730336817e+00
2.871427520460167471e-01 2.557082133004170199e+00 1.052275221879792388e+00
2.791156958739515748e-01 2.487617684819537711e+00 1.054886142846512609e+00
3.044001679820089734e-01 2.558366537989003930e+00 1.062121806836239912e+00
3.434649371304382415e-01 2.589796523962588637e+00 1.092325330348427936e+00
3.238650419832460048e-01 2.630457091569934125e+00 1.088299309290659433e+00
3.373646285996368954e-01 2.564885677276977471e+00 1.102958930156046513e+00
3.557796797532232769e-01 2.608194937051006690e+00 1.098251234418134548e+00
3.196294879285172530e-01 2.525054903673818796e+00 1.076971102046095474e+00
3.213701786109204872e-01 2.558202995942813196e+00 1.058408338249473335e+00
3.333648038517674772e-01 2.585845677872292470e+00 1.068106795437915313e+00
3.547508605505469426e-01 2.587105761536800053e+00 1.073773296931709975e+00
3.222121603063953232e-01 2.699543103545997802e+00 1.064953640780509581e+00
2.960997458480915667e-01 2.452391955729698481e+00 1.066860789305342117e+00
3.127191667940744657e-01 2.631682857733872893e+00 1.055803711287752966e+00
3.486417574468693714e-01 2.536330973526482513e+00 1.083658868198061453e+00
3.277894940447236283e-01 2.621912323403753131e+00 1.056377091954228131e+00
3.113086651422112827e-01 2.523775389643866163e+00 1.059050859861992544e+00
2.855600211605452965e-01 2.515298070808183351e+00 1.067306826806601938e+00
2.850646253166697064e-01 2.461770579486840749e+00 1.072584977266267003e+00
3.099793194090412207e-01 2.636556761745015187e+00 1.071503390507970055e+00
3.175569067670929169e-01 2.521584835237676625e+00 1.087247019435125361e+00
3.147825683649792539e-01 2.552453074570349756e+00 1.092751026337920539e+00
3.283005509024676249e-01 2.610734526902099173e+00 1.088017099865951076e+00
3.741925673403547759e-01 2.638601826942268413e+00 1.099688604713288331e+00
3.236006094415896928e-01 2.631600269437857964e+00 1.078968902314689338e+00
3.628489515019751033e-01 2.563484497313123445e+00 1.098612644230302360e+00
3.084904613527149619e-01 2.582854600715954518e+00 1.079539904213876245e+00
3.130738684870561506e-01 2.486939211606008726e+00 1.074560391110929602e+00
3.149185129787777093e-01 2.634330588774059567e+00 1.076699741577182623e+00
3.207452153355230262e-01 2.565720063663452510e+00 1.078467214286925824e+00
3.293992468004863228e-01 2.573960370247733831e+00 1.078876930596697203e+00
2.988537421006419170e-01 2.579202531752981198e+00 1.069668888535141749e+00
3.014962656533020646e-01 2.491997396847748014e+00 1.068028156446667376e+00
2.747547603184256060e-01 2.527161080903810308e+00 1.058856719907022459e+00
3.419838430245000227e-01 2.614749907211653124e+00 1.083338080452113328e+00
3.567458545199735931e-01 2.572242882254318630e+00 1.103374052055432042e+00
3.214661053461301266e-01 2.640721208209185544e+00 1.096690672213994411e+00
2.889724835375405143e-01 2.500306717549483970e+00 1.072344660000587258e+00
2.940876653629626025e-01 2.516217038158481412e+00 1.057557404559333891e+00
3.405533555208077878e-01 2.612243921705792005e+00 1.061041793925934895e+00
3.391686414072223599e-01 2.570806170052132966e+00 1.055502145714178663e+00
3.527885620698470448e-01 2.633204686993502186e+00 1.048315688032167792e+00
3.284992595673619231e-01 2.474402810700712330e+00 1.044483803734883587e+00
3.306161103844099114e-01 2.594526197287298608e+00 1.057136534092837810e+00
3.750881008261232608e-01 2.685768539823499168e+00 1.087633221048469601e+00
3.572027335524623481e-01 2.634624250804933343e+00 1.090679995835264871e+00
3.520275218965543407e-01 2.669255803783951109e+00 1.084341984604453302e+00
3.726566896656426930e-01 2.617499807504194198e+00 1.081261779350574992e+00
3.496817678943198726e-01 2.593124431346235159e+00 1.072098373122614579e+00
3.383573333132782190e-01 2.613604041674523426e+00 1.057237771721308395e+00
3.355693556081381645e-01 2.563649409219543429e+00 1.050540525253135460e+00
3.482252919945652558e-01 2.666532198495036088e+00 1.047221365951591654e+00
3.325749606368345046e-01 2.488613301199916972e+00 1.046270303756689612e+00
3.302727997952599748e-01 2.624662312870193137e+00 1.041003699484861267e+00
3.121936358627847019e-01 2.479424740226129575e+00 1.029059731743307005e+00
3.112688601123244081e-01 2.622765739727650480e+00 1.023968718157775015e+00
3.107847842078620415e-01 2.475599313842641092e+00 1.033270849892871768e+00
3.300337328483479160e-01 2.692974565979525003e+00 1.036531071465752074e+00
3.341282344959458639e-01 2.517863760924874850e+00 1.060375374898922418e+00
3.300590292272786441e-01 2.609370501659771246e+00 1.058822987608175392e+00
3.204132160151790254e-01 2.526889881486288569e+00 1.040157459051601618e+00
3.192317160408120191e-01 2.601119755054356109e+00 1.040375859815419579e+00
3.343214535720364644e-01 2.524957376114155494e+00 1.057336871889876129e+00
3.216353557747852476e-01 2.585110152368740977e+00 1.041935309208725569e+00
3.223678129145323146e-01 2.555052590213378938e+00 1.033075596570039112e+00
3.223678129145323146e-01 2.555052590213378938e+00 1.033075596570039112e+00
3.710123884528959692e-01 2.620091855409724779e+00 1.046956613103000588e+00
3.590880517291394902e-01 2.581374727492447896e+00 1.045232093500617410e+00
3.494689100557791250e-01 2.627025289601367497e+00 1.050558975038655918e+00
3.458950397795366172e-01 2.557173165785116442e+00 1.047283420268717569e+00
3.458950397795366172e-01 2.557173165785116442e+00 1.047283420268717569e+00
3.341177449841186697e-01 2.649135601977790522e+00 1.054694898226746780e+00
3.651711620670803904e-01 2.617179254186588366e+00 1.082580641734832039e+00
3.301828713016353167e-01 2.557967297868262158e+00 1.078357080223652398e+00
3.301828713016353167e-01 2.557967297868262158e+00 1.078357080223652398e+00
3.308873794607493091e-01 2.628755293921964054e+00 1.079822113221310165e+00
3.571802004829994215e-01 2.602247237518717782e+00 1.075991103215373279e+00
3.215092315035114057e-01 2.554420071055750086e+00 1.059162076995326496e+00
2.961097532123949105e-01 2.581107663486911452e+00 1.043704741365108601e+00
3.200047840093321327e-01 2.590391852989176957e+00 1.060333767030414931e+00
3.267058061292705817e-01 2.502238176623193144e+00 1.058937202616778483e+00
3.077871190971758764e-01 2.578246572162206096e+00 1.061892380894280175e+00
3.028159745959958515e-01 2.516525193786667725e+00 1.060451185728727319e+00
2.886681512480496758e-01 2.510493594645472726e+00 1.054040109474035924e+00
2.886681512480496758e-01 2.510493594645472726e+00 1.054040109474035924e+00
3.434608551409302768e-01 2.606840333974848711e+00 1.072744111856900329e+00
2.642129817267180880e-01 2.418356970643832149e+00 1.053568762669066183e+00
3.046001205316000160e-01 2.544882949621885437e+00 1.062219266600967993e+00
3.164501485640607847e-01 2.532807881811532269e+00 1.054770675800606572e+00
3.108516072527870988e-01 2.550925562518498779e+00 1.052595248508895853e+00
3.127622307426425330e-01 2.600249959191254234e+00 1.048914136211644532e+00
3.199243113266960203e-01 2.549516259262076812e+00 1.037416375310279637e+00
3.847942819464564845e-01 2.680175119882782120e+00 1.070329165607017741e+00
3.822386948664040496e-01 2.691132435189023564e+00 1.059301546336377520e+00
3.540649000354937903e-01 2.550561429073174402e+00 1.049427892460821576e+00
3.262868678436329772e-01 2.526233236137387816e+00 1.028755022226654825e+00
3.625214829808496297e-01 2.581131092346267142e+00 1.051259923518147232e+00
3.524076497498255245e-01 2.570300887814517043e+00 1.045121205618878113e+00
3.270496800539662852e-01 2.684499208006910109e+00 1.027782823522715772e+00
3.403086645195673721e-01 2.521275344896952042e+00 1.047495095390718056e+00
3.543293277885238290e-01 2.648617565883802705e+00 1.061960553819963904e+00
3.631061495311980747e-01 2.556659033218247945e+00 1.067281111333145960e+00
3.282450802531343137e-01 2.519214278820464781e+00 1.058331802350054529e+00
2.891208217919731815e-01 2.475212569955475228e+00 1.021924720813904175e+00
3.052523822292099176e-01 2.521772086734140661e+00 1.033122832852800821e+00
3.065043969412709624e-01 2.532673826528102801e+00 1.027023611703797634e+00
3.001470214071062514e-01 2.426530702476893619e+00 1.037139865959035845e+00
3.319895047723827042e-01 2.680012241708886744e+00 1.060251167576138798e+00
3.689316980993297967e-01 2.625325279261999434e+00 1.075112745637025302e+00
3.128471240916128049e-01 2.602639805219420843e+00 1.054029947127731681e+00
3.048740332814724452e-01 2.501074652868960690e+00 1.051053426665884860e+00
3.184203763855891212e-01 2.682977011197638095e+00 1.046607576526676242e+00
3.081252985656603438e-01 2.426654041308911491e+00 1.055819538360577514e+00
3.081252985656603438e-01 2.426654041308911491e+00 1.055819538360577514e+00
3.694032640001352896e-01 2.793971830758389174e+00 1.066172814890674392e+00
3.600701653813666026e-01 2.543477369901943064e+00 1.082097013736831537e+00
3.728630497604040195e-01 2.748705425161241944e+00 1.065273197020954576e+00
3.498880501281935174e-01 2.530986531484229030e+00 1.049790712955263494e+00
3.507852102797237026e-01 2.706663706484872201e+00 1.055024143907436596e+00
3.148264234477128887e-01 2.518718542959318629e+00 1.036824424885139706e+00
3.126829305706890771e-01 2.547291536942171142e+00 1.046468274192271730e+00
2.726935423233484146e-01 2.484804547749649650e+00 1.009059643646229132e+00
2.706430368072055281e-01 2.428456676592790409e+00 1.022013064842817398e+00
2.820029286051809470e-01 2.525989570656291150e+00 1.017310750323095370e+00
3.500441946146682359e-01 2.520008746267404121e+00 1.063485701099149416e+00
3.353702497471375832e-01 2.673277453100200596e+00 1.061611412434068535e+00
3.370914196713371558e-01 2.493101252472403662e+00 1.070338538746158585e+00
3.104650637215631837e-01 2.634715586702349288e+00 1.062741200117425455e+00
2.906200779992538230e-01 2.450927444233161889e+00 1.078330823950414352e+00
3.259333657143804186e-01 2.573974552600270638e+00 1.078142067599306975e+00
3.666871334494817836e-01 2.659503202724816884e+00 1.097355408407073352e+00
3.319923573558798413e-01 2.615875448864416253e+00 1.075846461927862929e+00
3.273627397632596359e-01 2.537084476195673677e+00 1.061285308280369044e+00
3.329472545102915571e-01 2.547317437449245769e+00 1.068923081332531888e+00
3.092862466297122692e-01 2.533314747801021394e+00 1.061814169206399594e+00
2.984757774629682725e-01 2.603823063788270886e+00 1.053557107926001990e+00
2.740541670689987108e-01 2.435602806007857168e+00 1.053156410277403809e+00
2.979471590226332456e-01 2.616139140146561459e+00 1.034396702969220705e+00
3.285381955395156317e-01 2.505537612192920705e+00 1.047797690053898778e+00
3.418472847368293488e-01 2.618010237631025472e+00 1.038646474210886961e+00
3.418472847368293488e-01 2.618010237631025472e+00 1.038646474210886961e+00
3.661116885147999711e-01 2.581787154492611425e+00 1.059835790180050807e+00
3.618579654487180108e-01 2.595014326906704305e+00 1.071314431998108718e+00
3.618579654487180108e-01 2.595014326906704305e+00 1.071314431998108718e+00
3.802081140231121092e-01 2.678242254261715694e+00 1.090815453939465218e+00
3.482088066858121667e-01 2.664138160280088208e+00 1.074048685159628924e+00
3.765349531765239122e-01 2.650573424245415310e+00 1.080835067570484087e+00
3.926801413905471883e-01 2.718980771061485946e+00 1.084887605064479565e+00
3.686859191629038301e-01 2.606320648290715081e+00 1.088614109650745565e+00
3.303386786015024001e-01 2.592750253907213587e+00 1.070260889277493410e+00
3.303386786015024001e-01 2.592750253907213587e+00 1.070260889277493410e+00
2.939472956014057559e-01 2.516698204379526516e+00 1.064016005803100295e+00
3.083135136377896379e-01 2.567514381952401781e+00 1.077106454669244373e+00
3.181703963592825701e-01 2.532186416106704918e+00 1.079524808396095548e+00
2.991656487134103926e-01 2.622585174109558270e+00 1.064572152330501620e+00
3.376942651458128553e-01 2.547129520100730016e+00 1.090104906602458401e+00
3.504858127242694299e-01 2.753461251303102042e+00 1.098205111998315608e+00
3.271516766768341467e-01 2.549877580747401229e+00 1.089881616768978656e+00
3.639567484220788129e-01 2.697565177238680612e+00 1.111899448780089728e+00
3.397919076152106643e-01 2.624014098563983488e+00 1.099360730236496719e+00
3.306151980960008729e-01 2.580501647552462252e+00 1.093016427251755074e+00
3.551720791938725585e-01 2.693697808667490534e+00 1.108369505841638514e+00
3.634259979320532685e-01 2.676027838800425496e+00 1.110576668770686393e+00
3.396402843948092554e-01 2.559726087622148150e+00 1.108811078669649897e+00
3.545135448694151092e-01 2.605915125175908287e+00 1.115756091861664023e+00
3.675699042058056532e-01 2.720570332193875895e+00 1.112587445716227030e+00
3.141453717825040681e-01 2.562221728205961391e+00 1.095152791661307523e+00
3.118415826749091346e-01 2.605686291552641531e+00 1.089040823795514257e+00
2.766054113048727614e-01 2.446387578496614701e+00 1.059157795504996002e+00
3.093443831062021032e-01 2.621173591116061630e+00 1.045988401923854116e+00
3.365308015739905123e-01 2.512412687080421758e+00 1.068450003195435372e+00
3.030678298031869167e-01 2.496063471719211169e+00 1.044542921253377221e+00
3.318735807971542329e-01 2.488511855001211082e+00 1.055063822611677082e+00
3.312175646766804538e-01 2.680678426076074317e+00 1.053818878947788695e+00
3.483861164864009430e-01 2.529710714003224226e+00 1.050653758365335033e+00
3.777563560856376235e-01 2.695177155418464032e+00 1.069205939473949929e+00
3.434799670884888800e-01 2.606772351563392931e+00 1.055142765436592578e+00
3.222263822638113950e-01 2.546652798929985639e+00 1.061632842961277357e+00
3.198440360800374194e-01 2.548849277559536830e+00 1.053894979549658162e+00
2.908538596632241902e-01 2.571458374352647347e+00 1.043637199248429237e+00
2.908538596632241902e-01 2.571458374352647347e+00 1.043637199248429237e+00
3.100955155221374882e-01 2.471617160534211877e+00 1.068975624753354392e+00
3.142563232736385048e-01 2.539554933740528764e+00 1.052426719901410568e+00
3.102992570948419626e-01 2.565841297444409363e+00 1.067824897007194629e+00
3.102992570948419626e-01 2.565841297444409363e+00 1.067824897007194629e+00
3.347936481245387674e-01 2.598283435645288186e+00 1.090745057065184209e+00
3.244514112760550351e-01 2.611579352218130534e+00 1.081000415207595600e+00
3.244514112760550351e-01 2.611579352218130534e+00 1.081000415207595600e+00
3.528972417933982642e-01 2.643581673630809981e+00 1.090630469096656840e+00
3.158777594695434954e-01 2.547538011369124611e+00 1.069896456448712341e+00
3.631159501669439793e-01 2.533931346122583417e+00 1.086686100105656694e+00
3.362705276170238622e-01 2.673160861574711777e+00 1.054438179008270415e+00
3.070544498287783863e-01 2.519662279053352716e+00 1.043928756365245070e+00
3.122227282002271176e-01 2.635099190388808132e+00 1.032578689466693067e+00
3.332115706397930643e-01 2.574604753942630886e+00 1.049849295819680339e+00
3.332115706397930643e-01 2.574604753942630886e+00 1.049849295819680339e+00
3.100528708105957376e-01 2.564810085768171266e+00 1.058243598129972041e+00
3.477769943848458833e-01 2.602003439992553790e+00 1.063205210099867459e+00
3.716720367012890658e-01 2.691694402119188645e+00 1.073728865555865442e+00
3.341743628477533701e-01 2.572544765541517009e+00 1.066984213381207303e+00
3.163834888146526136e-01 2.596810915759198313e+00 1.067675068537981220e+00
3.448908527760405907e-01 2.570357956340400651e+00 1.067245449336746477e+00
3.213062306219589548e-01 2.583505653162602833e+00 1.058838781349571878e+00
2.942193611941758546e-01 2.504055766858784171e+00 1.049650145559128944e+00
3.018858785329971983e-01 2.528419107930853560e+00 1.053944216086642127e+00
3.367612436886101013e-01 2.621301882060164790e+00 1.062498797285148067e+00
3.113167051162731847e-01 2.511118505210683249e+00 1.061654733794271666e+00
3.042763711992279574e-01 2.558252467575193645e+00 1.052906312209270556e+00
3.729799470274340889e-01 2.669327050842736693e+00 1.083095963826839148e+00
3.669579483796084340e-01 2.624004168700659445e+00 1.074069555317971547e+00
3.223566776786523369e-01 2.630854597618310198e+00 1.060376497567723231e+00
3.165048854507256926e-01 2.485789856519108998e+00 1.048239436510808975e+00
2.663593868268918086e-01 2.499877824549883609e+00 1.021125252635644465e+00
2.979952874061697066e-01 2.578494819437943342e+00 1.053340476141603865e+00
3.351306888193858469e-01 2.536479278964084649e+00 1.055213416651821223e+00
3.216498289102052155e-01 2.606451902948158317e+00 1.031684865103450033e+00
3.072958712954227400e-01 2.489653823584399461e+00 1.025140781875170770e+00
3.279152668998529530e-01 2.540890249521197575e+00 1.044232541042460882e+00
3.279152668998529530e-01 2.540890249521197575e+00 1.044232541042460882e+00
2.897985525930355521e-01 2.547542907647876387e+00 1.029159605361632313e+00
3.077396599226462914e-01 2.403478314190191423e+00 1.049311156977587922e+00
3.139241289883875075e-01 2.638353461167048497e+00 1.062345504318358502e+00
3.066594948397551312e-01 2.490451105235961027e+00 1.074279460714112400e+00
3.066594948397551312e-01 2.490451105235961027e+00 1.074279460714112400e+00
3.030958697656123690e-01 2.605464746252574848e+00 1.068090683026089671e+00
3.265849291271572530e-01 2.542280588985060152e+00 1.064464923482653758e+00
3.397723582584752378e-01 2.522259334684272769e+00 1.079220341742971101e+00
3.195997126173758529e-01 2.559055857561691294e+00 1.074081342845875975e+00
3.351699806561776462e-01 2.591992554725035980e+00 1.086873846311330327e+00
3.351699806561776462e-01 2.591992554725035980e+00 1.086873846311330327e+00
3.422467612323022434e-01 2.572062887195949443e+00 1.077073194214625662e+00
3.236411365213405222e-01 2.589057454096222788e+00 1.078698566708344631e+00
2.991097721123445186e-01 2.499477917449014708e+00 1.077889811635719397e+00
3.295218429938834293e-01 2.595691180636526152e+00 1.094614794597279284e+00
3.394982022955942425e-01 2.582913184358771819e+00 1.109026351085886875e+00
3.436712180153700391e-01 2.653423536907713487e+00 1.108558386891055125e+00
3.651417940094836556e-01 2.653987951674675383e+00 1.117882647162889986e+00
3.651417940094836556e-01 2.653987951674675383e+00 1.117882647162889986e+00
3.175975390302347989e-01 2.573511348879727656e+00 1.099041128073243057e+00
2.876481116164307239e-01 2.532216989192155321e+00 1.077411868905108872e+00
2.837679751452404919e-01 2.516242646079419831e+00 1.071255266501458081e+00
3.276379501613310152e-01 2.539141202162038979e+00 1.079724402361647240e+00
3.134609255383956072e-01 2.587071909137628190e+00 1.061259701281826562e+00
3.036584242468601813e-01 2.475269072687260152e+00 1.068688197316478128e+00
3.329261249751934160e-01 2.558856171258101941e+00 1.083879469409910090e+00
3.543082801083046740e-01 2.612809256769744071e+00 1.075471229211688140e+00
3.166420478401068550e-01 2.471201865538177334e+00 1.058297968292367441e+00
2.887893079822591025e-01 2.617454736206894061e+00 1.056037054238924133e+00
3.352468978131154520e-01 2.537132121326818979e+00 1.070293869302628931e+00
3.140316275961387293e-01 2.545120918451709624e+00 1.048450737083796769e+00
3.302800170700383453e-01 2.540006803936809554e+00 1.049562650036112155e+00
3.249633338916611547e-01 2.571734913055771621e+00 1.051947919843735368e+00
3.249633338916611547e-01 2.571734913055771621e+00 1.051947919843735368e+00
3.310389904893333846e-01 2.544753852160876573e+00 1.065797945061090379e+00
3.195147509949653464e-01 2.648568549103330838e+00 1.056310850524691425e+00
3.175832640702634380e-01 2.486616818859440414e+00 1.048657929911447573e+00
3.195841964779933542e-01 2.593970628596708572e+00 1.060451637977948058e+00
3.161780780334465524e-01 2.542547654608863894e+00 1.055770522150809576e+00
2.768308178672297948e-01 2.479865951085536313e+00 1.060645346857330917e+00
2.554316783868586516e-01 2.444077142060953278e+00 1.038527225074042715e+00
3.048988416095316789e-01 2.528914201086761793e+00 1.038443917079903134e+00
3.084583013723515288e-01 2.498074259647389717e+00 1.034295212503134609e+00
3.431252689877818951e-01 2.610751160443192553e+00 1.039255253735373641e+00
3.336834194115983476e-01 2.537262886920152116e+00 1.036933075469343546e+00
3.560840003661744912e-01 2.673965384680161428e+00 1.056089635189821463e+00
3.593745427566082951e-01 2.579577910642669725e+00 1.065043716578304878e+00
3.214764164805186120e-01 2.638442970150677080e+00 1.061543626516925132e+00
3.387695159353020791e-01 2.520514842869078453e+00 1.065945018211554407e+00
3.147658746546568853e-01 2.685858025128287085e+00 1.050097392619254499e+00
3.378181264823765240e-01 2.524788788732334144e+00 1.055205914779330234e+00
3.441016536785015956e-01 2.674147936790648661e+00 1.046334384200842571e+00
3.503426417536445459e-01 2.549705647954518373e+00 1.066260641200432735e+00
3.403654389426688520e-01 2.582049381120166132e+00 1.067717201438606489e+00
3.403654389426688520e-01 2.582049381120166132e+00 1.067717201438606489e+00
3.681714183998505141e-01 2.597123515423992224e+00 1.089044840998431019e+00
3.520805564765466800e-01 2.537006656106050695e+00 1.081611509587641518e+00
3.356107668889860562e-01 2.672568033440490876e+00 1.064623432977123363e+00
3.046149353030003226e-01 2.544676252576942410e+00 1.038763945011599077e+00
3.245019301267535461e-01 2.550277406552322823e+00 1.049023008396173573e+00
3.324678882684194980e-01 2.692484566976001137e+00 1.057684339582399380e+00
3.655877108320971236e-01 2.612195012172245256e+00 1.080863639621082228e+00
3.009505516128848090e-01 2.572613844359246560e+00 1.047544354848375159e+00
3.507710271990677198e-01 2.568096910716815895e+00 1.068825478062860990e+00
3.608600049128872778e-01 2.646172789124455083e+00 1.070245962582995869e+00
3.388165142160837751e-01 2.560354096923704414e+00 1.076661721774310632e+00
3.250902204266106765e-01 2.566438936012493510e+00 1.058888865162306292e+00
3.119071683729252031e-01 2.594727527334858674e+00 1.042269716426194925e+00
3.189465931941007915e-01 2.547602466482524530e+00 1.052102487350004445e+00
3.124957567581060913e-01 2.526930531727367590e+00 1.053244450975916457e+00
3.059240562227625859e-01 2.532085155020433298e+00 1.042230883225417681e+00
3.096693920957639401e-01 2.463448067570260580e+00 1.039993583601962035e+00
3.096693920957639401e-01 2.463448067570260580e+00 1.039993583601962035e+00
3.201119300386361943e-01 2.644266446102866652e+00 1.028694945060496524e+00
3.012414147353548177e-01 2.517895007429466148e+00 1.042288380569508455e+00
2.946604310439709939e-01 2.477531763511724883e+00 1.033623418591046672e+00
2.893440783502816971e-01 2.539202492435962633e+00 1.016108766372938899e+00
2.995772509626582480e-01 2.524410769335958538e+00 1.028956600569661539e+00
3.326875203425905259e-01 2.645437264910749597e+00 1.040529495806073568e+00
3.642907649020462602e-01 2.591763120555659050e+00 1.060647215472661831e+00
3.472956077225891613e-01 2.631224923090546675e+00 1.057712659112199693e+00
3.574559540079622622e-01 2.484347435201433196e+00 1.081639006563356098e+00
3.219922309713728059e-01 2.742337169367319749e+00 1.051555626582977299e+00
2.837546665411918578e-01 2.390241204728664748e+00 1.041470154970794537e+00
3.248673395032043998e-01 2.636213848002916471e+00 1.069126340869103409e+00
3.250509094238032137e-01 2.449977681437775168e+00 1.058193693642651256e+00
3.276831701979846523e-01 2.708973277807214419e+00 1.042804322663421601e+00
3.458035026265718903e-01 2.500606837311353470e+00 1.056910668685252297e+00
2.977634812725182267e-01 2.555918297317263388e+00 1.028280228204343283e+00
3.147251262689898521e-01 2.509966246832740389e+00 1.048344544149730106e+00
3.147251262689898521e-01 2.509966246832740389e+00 1.048344544149730106e+00
3.004696271978173350e-01 2.492649307684664084e+00 1.053220535487450649e+00
3.171904601726229789e-01 2.586090223625495454e+00 1.066785839259894786e+00
3.415693479572301516e-01 2.565197124137054807e+00 1.089265579705549492e+00
3.240593450459202662e-01 2.592063886748991575e+00 1.089971590173965055e+00
3.297471788370726076e-01 2.586611297915452745e+00 1.090727674784699008e+00
3.415286671240995720e-01 2.574792925742743765e+00 1.095172111234137269e+00
3.379259834474850899e-01 2.604525225362357865e+00 1.085519984644466307e+00
2.851643278823443040e-01 2.500760754951037779e+00 1.056235225801224198e+00
3.135992517298337168e-01 2.581851017785665281e+00 1.069223906087439335e+00
3.738380391096027267e-01 2.626681506973940650e+00 1.087968104608628472e+00
3.915723662639908897e-01 2.729583641590757725e+00 1.094037177261503402e+00
3.825211710932405751e-01 2.618477543288891596e+00 1.107542789221740431e+00
3.231850342366388573e-01 2.628505994983062255e+00 1.084841708004317562e+00
3.472287390888957881e-01 2.577619343731742951e+00 1.083785438671765133e+00
3.409728191009142595e-01 2.660502382947715461e+00 1.068109448316584720e+00
3.184201587215368390e-01 2.529137161426045832e+00 1.057239978340171804e+00
2.905152989427697841e-01 2.551175305599358012e+00 1.053083967425056500e+00
3.087039637907100786e-01 2.494780654901644468e+00 1.062184085533915967e+00
2.866390214101798284e-01 2.529796695609974222e+00 1.063087037676608837e+00
2.945251430722228836e-01 2.517005748742556115e+00 1.053406911288000236e+00
3.461025685848352906e-01 2.578787699196633199e+00 1.063190069014219086e+00
3.546873352229826248e-01 2.690280359032687585e+00 1.071286680722141726e+00
3.245036295707061647e-01 2.515793467677484685e+00 1.067464540757263380e+00
3.245036295707061647e-01 2.515793467677484685e+00 1.067464540757263380e+00
2.890796098981555096e-01 2.561339782119088859e+00 1.031508315555932365e+00
3.333559960056156624e-01 2.518213530062443084e+00 1.037724271403472454e+00
3.357414321836498794e-01 2.605271314296991658e+00 1.038530893964261681e+00
3.261547875787692563e-01 2.599312220568681830e+00 1.048031210464947183e+00
3.169998425256736474e-01 2.550090785960789752e+00 1.048977390588089698e+00
3.202123105641019318e-01 2.576628253768308063e+00 1.048812873214294950e+00
3.582265075672089183e-01 2.563874020273779308e+00 1.055896654107122412e+00
3.582265075672089183e-01 2.563874020273779308e+00 1.055896654107122412e+00
3.260204515131746583e-01 2.602034447694855146e+00 1.035578123406242668e+00
3.260204515131746583e-01 2.602034447694855146e+00 1.035578123406242668e+00
3.373952590379649119e-01 2.566888944004360074e+00 1.045150356171129280e+00
3.218799501898501614e-01 2.587439227338335090e+00 1.032601457193093486e+00
3.552088068996183123e-01 2.607341647653474759e+00 1.038052003089076747e+00
3.505410290591760569e-01 2.499893749052499281e+00 1.050026139829838501e+00
3.255377245044947521e-01 2.705263422003370000e+00 1.043756536191358331e+00
3.239817110287553925e-01 2.379459248405898286e+00 1.061731483814947863e+00
2.830536507252243150e-01 2.586377310801430962e+00 1.047383942492781328e+00
3.067309735628283573e-01 2.416395531173728628e+00 1.059121005217661393e+00
3.067309735628283573e-01 2.416395531173728628e+00 1.059121005217661393e+00
3.355913021087068571e-01 2.654879205458494873e+00 1.073594698923920898e+00
3.044375872781563408e-01 2.492395858599955272e+00 1.059459136368215759e+00
3.230320881131535371e-01 2.527297392083178718e+00 1.078641254660902993e+00
3.040948992610449930e-01 2.591927171729697665e+00 1.052910734175441121e+00
3.480586624251784666e-01 2.612741624852702671e+00 1.053474438759465448e+00
3.684006065095578042e-01 2.678808964805972082e+00 1.059927928073923109e+00
3.428549689732439676e-01 2.581168198457857166e+00 1.068681353474359774e+00
3.030623384503862150e-01 2.531863675600333430e+00 1.041158046456232888e+00
3.030623384503862150e-01 2.531863675600333430e+00 1.041158046456232888e+00
3.030623384503862150e-01 2.531863675600333430e+00 1.041158046456232888e+00
3.050071731055866708e-01 2.560909891066414978e+00 1.045976390453061455e+00
3.147854635181638328e-01 2.495304172503636231e+00 1.061930447965575786e+00
2.694108558501753237e-01 2.549195831543640267e+00 1.047188685866044189e+00
3.355453633521491841e-01 2.537034993981678976e+00 1.075913778546141453e+00
3.661522361248312207e-01 2.699303772206957053e+00 1.086135843268542178e+00
3.527461821467168246e-01 2.564282276689248352e+00 1.086803099642023929e+00
3.432377371202600114e-01 2.603207084097789448e+00 1.069005474528429644e+00
3.672778685190019043e-01 2.644987605800419583e+00 1.081302381464061213e+00
3.335693874940607317e-01 2.585711417691892500e+00 1.067368458524075248e+00
3.021268793883860604e-01 2.533323459705900227e+00 1.071742002672153804e+00
3.352836978436378179e-01 2.621386952008107230e+00 1.080908238706892011e+00
3.449281163936150918e-01 2.632427120452881741e+00 1.080355162446720252e+00
3.557913658205648644e-01 2.530342946921552372e+00 1.081035881763145134e+00
2.906183101090708543e-01 2.578145617183975169e+00 1.034017334570543012e+00
3.075053274287855021e-01 2.493747538510237671e+00 1.030876995986630185e+00
3.168888327820433837e-01 2.611637768163116657e+00 1.026590670260335125e+00
2.773040160957763178e-01 2.490636665189557508e+00 1.024253554081065776e+00
2.751685935448086595e-01 2.461828122611778635e+00 1.034162267935037294e+00
3.030261819969670145e-01 2.564226905388408806e+00 1.045152041197057402e+00
3.138330484103803997e-01 2.538225472749432665e+00 1.060272960813530174e+00
3.297491684084074004e-01 2.527705723048901287e+00 1.068980081982668917e+00
3.436207531546205951e-01 2.671559975609987259e+00 1.058242797820480474e+00
3.297501799474145678e-01 2.499560800146015449e+00 1.053672849469265094e+00
2.731906252997103879e-01 2.504763108749997080e+00 1.029790299473727799e+00
3.074887111669469264e-01 2.563527058698464423e+00 1.024794320474491593e+00
3.617007164152064580e-01 2.638669470336039158e+00 1.038195696825693792e+00
3.232483117803413020e-01 2.496062157978514051e+00 1.032104082138181056e+00
3.261334726848372778e-01 2.605074264956849017e+00 1.029761246820522613e+00
2.979063984839214752e-01 2.551062102203512705e+00 1.022506821412954015e+00
3.576744837725491788e-01 2.585620494136044112e+00 1.047273173272121882e+00
3.280634855079457290e-01 2.637831936782564668e+00 1.037307075112281485e+00
3.421541996546976772e-01 2.548013687324138132e+00 1.040532402321662886e+00
3.106916999249700884e-01 2.563006686473961349e+00 1.015716643660163232e+00
3.173648411427817950e-01 2.576029876979625044e+00 1.010309552236549724e+00
3.356228443806119621e-01 2.532602413928428664e+00 1.015852193212677168e+00
3.427035592885372406e-01 2.467026265522410000e+00 1.026255134968331761e+00
2.940592104195472456e-01 2.662147445760848274e+00 1.002347644335984667e+00
3.052429865628611960e-01 2.413322774309099916e+00 1.032174005333780675e+00
3.247514619547228754e-01 2.602175894402838807e+00 1.024718570941315576e+00
3.247514619547228754e-01 2.602175894402838807e+00 1.024718570941315576e+00
3.161248629648655828e-01 2.505540992393657795e+00 1.025073413303151604e+00
3.383960987709755952e-01 2.600395830600887415e+00 1.042029016084637050e+00
3.573867108524065861e-01 2.530157125320543710e+00 1.053100293229742190e+00
3.647145083667482912e-01 2.637525436002822410e+00 1.051814132203927166e+00
2.922226060364956357e-01 2.545546137879534321e+00 1.038262315219877552e+00
3.254674728887584356e-01 2.565946356382815985e+00 1.042218451521173428e+00
3.774275887884243064e-01 2.659871966120233910e+00 1.046231487661851478e+00
3.405219423228045827e-01 2.609028317561790544e+00 1.033268901922878458e+00
3.606134524695613908e-01 2.598299068256279654e+00 1.031729634450334609e+00
3.189172589286283221e-01 2.547349327132159225e+00 1.008566304143884818e+00
3.143527809440072596e-01 2.515932076494272085e+00 1.012493548783456543e+00
3.363116139492037249e-01 2.581221551920074297e+00 1.021837768472185548e+00
3.349611272608307710e-01 2.569644620314484929e+00 1.032313200879504622e+00
3.437533432159821101e-01 2.587847119095481041e+00 1.035255434252279727e+00
3.639702303828842855e-01 2.630851731466673726e+00 1.042286645608703433e+00
3.454651219340156287e-01 2.570460256611259098e+00 1.049078278785543272e+00
3.374411926617005286e-01 2.601667470946571470e+00 1.041809895192928881e+00
3.374411926617005286e-01 2.601667470946571470e+00 1.041809895192928881e+00
3.011201867573299329e-01 2.550521452196665706e+00 1.039807481243006482e+00
3.025403256277043873e-01 2.488775476349283533e+00 1.048778769157860280e+00
3.081531457661099704e-01 2.620783570014056707e+00 1.047136529806522720e+00
3.357855511704070928e-01 2.440425001955245143e+00 1.074177701763328940e+00
3.274343761047817103e-01 2.663972496500063070e+00 1.063462069493477546e+00
3.053852266015190109e-01 2.544938069854361551e+00 1.043078432140300382e+00
3.203172026995901867e-01 2.558443327121282529e+00 1.065837075244077115e+00
3.329817860441040556e-01 2.580462759047917665e+00 1.057572807262987968e+00
3.703688569199009017e-01 2.670771979414965358e+00 1.068592942221663566e+00
3.559492815935802468e-01 2.607828441184772750e+00 1.061187312437135599e+00
3.259859007610614312e-01 2.553720436865996923e+00 1.045187341216606836e+00
3.405638177299700753e-01 2.569984155747134125e+00 1.045733053749967612e+00
2.988687919289055306e-01 2.506738155703302162e+00 1.043145505897306480e+00
3.242307469554224775e-01 2.616040790407250238e+00 1.067087698850248234e+00
3.389809106627679758e-01 2.531160026230220517e+00 1.064643041449530037e+00
3.269237470928825773e-01 2.602957071232641084e+00 1.056517441327897266e+00
3.204535471892691056e-01 2.530088319297360666e+00 1.064336294146497330e+00
2.995174139027435012e-01 2.558045391849042005e+00 1.052963932223380583e+00
3.184737941781317083e-01 2.538269768632055889e+00 1.072588987893327683e+00
3.401340380280264974e-01 2.572642886128531980e+00 1.070233981313992278e+00
3.311797429251283065e-01 2.539047460793748545e+00 1.064017072328195423e+00
3.113555973461799020e-01 2.568795544367752370e+00 1.054958562482465556e+00
3.058272329083271401e-01 2.556046774398857746e+00 1.071724571917364921e+00
3.158017905209919984e-01 2.507866104735728907e+00 1.077472153426199952e+00
3.158017905209919984e-01 2.507866104735728907e+00 1.077472153426199952e+00
3.056997083188276454e-01 2.574811849648541706e+00 1.065511201045816758e+00
3.378785703767611115e-01 2.583484965037220693e+00 1.065690362709900585e+00
3.327523031462437109e-01 2.634628497157826654e+00 1.066822297294989896e+00
3.701176519739021176e-01 2.651399530355829537e+00 1.065356392688107112e+00
3.811704937488977762e-01 2.715804988590015068e+00 1.080778353967995375e+00
3.245160778735903251e-01 2.501811289097869651e+00 1.062529713415178545e+00
2.990667108514605266e-01 2.626892330787679253e+00 1.043240103179913891e+00
3.009897281350562559e-01 2.441487900792433940e+00 1.031788076106245677e+00
3.282115247158966520e-01 2.679737452133398978e+00 1.042402789143589636e+00
3.228615898739300993e-01 2.554814923483400335e+00 1.046043599258916768e+00
3.318851722302321172e-01 2.577158310306828071e+00 1.060248893697526285e+00
3.523823125942749379e-01 2.603997377567671467e+00 1.072137306441842686e+00
3.289989680547989459e-01 2.484843258947012412e+00 1.069424564736934258e+00
3.054369128469918704e-01 2.552660206514539176e+00 1.043482836214906451e+00
3.197793576447056085e-01 2.517555403163647565e+00 1.042019482991465518e+00
3.256213997932848048e-01 2.559190815187950996e+00 1.054310712077068946e+00
3.598478896438222496e-01 2.625435649728550480e+00 1.080670798080135553e+00
3.436466892202424406e-01 2.605826660491440183e+00 1.066555932526370709e+00
3.416245316450633451e-01 2.600181068257266137e+00 1.060775141613807593e+00
3.164547187300523201e-01 2.598184728198494664e+00 1.067182705088806971e+00
3.171158504890548291e-01 2.500251016702692564e+00 1.052509091849869849e+00
3.070137080265707974e-01 2.556883581577506170e+00 1.041346078813087939e+00
3.075716363431207356e-01 2.557644394169921842e+00 1.051043507592576143e+00
3.020416901539447196e-01 2.508895720330400980e+00 1.050066160025682649e+00
2.982553548615584638e-01 2.508998429127903940e+00 1.040603059249482820e+00
2.957364835203844522e-01 2.525003596232575642e+00 1.042038448200311551e+00
3.080226943842375720e-01 2.556015591645422802e+00 1.058093380603051914e+00
3.011245731125373193e-01 2.539909890593532893e+00 1.068131320221342051e+00
3.208359191033383628e-01 2.519053706496646949e+00 1.090938584115449750e+00
3.279214513582472401e-01 2.596749303296534084e+00 1.090810654974598171e+00
3.209668806226124715e-01 2.605171674676221016e+00 1.085999155802628069e+00
3.280047188714287909e-01 2.607485059336020150e+00 1.098532337054739294e+00
3.262956435794143739e-01 2.540902910009781301e+00 1.094813830075863859e+00
3.082377297703017272e-01 2.549273653242599913e+00 1.074808174147465323e+00
3.347131388043650957e-01 2.561850573574985468e+00 1.078055269632589797e+00
3.312134733832965972e-01 2.626114704604828987e+00 1.058042191214142891e+00
3.611374539875787382e-01 2.631278705003436524e+00 1.075359608246566401e+00
3.305668464731372214e-01 2.616645265852898916e+00 1.050917396251598745e+00
3.252511191879239871e-01 2.541387688499677111e+00 1.050195027831219097e+00
3.440993213558743435e-01 2.601634580150439913e+00 1.042675736526105901e+00
3.101725134046853238e-01 2.474867394335749538e+00 1.033382133054954632e+00
3.308625855706946450e-01 2.604212661183813005e+00 1.042898069861853960e+00
3.483970570705661185e-01 2.578653350511786790e+00 1.066704763184562976e+00
3.717420775510883457e-01 2.674612943537290288e+00 1.076180925652268527e+00
3.345872448981966896e-01 2.584240824769892253e+00 1.064305312655181801e+00
3.241353897420350405e-01 2.589152560326154706e+00 1.073031086231039710e+00
3.270364588163358066e-01 2.548883386689289043e+00 1.073597493805870995e+00
3.262718555029505696e-01 2.576296648278388446e+00 1.071701269572790549e+00
3.186144809006185574e-01 2.600636955589287869e+00 1.068934701745140936e+00
2.816203664625322456e-01 2.528476537558741910e+00 1.054086176808313402e+00
3.249713642428631033e-01 2.556674184297165198e+00 1.061299882433340613e+00
3.502638014287048907e-01 2.586050487452612234e+00 1.083267971461721935e+00
3.515359502986677986e-01 2.676839347948924974e+00 1.082960262645897842e+00
3.315919389544236817e-01 2.540104640768054534e+00 1.078590467820601972e+00
3.655379386112782569e-01 2.567377494505988622e+00 1.092447087547604223e+00
3.241163857201606602e-01 2.780860169806636417e+00 1.067800863717519810e+00
3.410192465065993161e-01 2.520016281463361540e+00 1.080584329394259635e+00
3.584306671282522783e-01 2.698318921235487000e+00 1.080976266393968155e+00
4.095473644243727285e-01 2.626112398454159447e+00 1.095873335709012242e+00
3.533199157969720283e-01 2.632961117020342634e+00 1.059038415681159861e+00
3.092718054198660971e-01 2.582760687229375574e+00 1.041842578085100612e+00
3.227944853495569588e-01 2.525823019998508112e+00 1.051197461857563464e+00
3.039567189541318437e-01 2.577990808393253452e+00 1.030536225833353470e+00
3.038747370238999990e-01 2.463611313821272297e+00 1.048544077612710401e+00
3.248547891336641680e-01 2.695801917618221299e+00 1.046255143315869551e+00
3.750411676937143723e-01 2.590466022122992928e+00 1.062224255289204056e+00
3.269979740291705239e-01 2.644415568194804500e+00 1.036599823845843371e+00
3.372259340420015739e-01 2.481928351620431350e+00 1.057297963747238612e+00
3.097314529419524232e-01 2.612956612149216262e+00 1.037027106737540283e+00
3.121851774531749224e-01 2.501243603310889796e+00 1.026539097900389885e+00
3.468065973682389891e-01 2.567054345918624136e+00 1.050673082801854008e+00
3.382799579995942052e-01 2.607264997043100774e+00 1.054032690884580736e+00
3.229883907345424965e-01 2.450092054304023215e+00 1.056711006902111727e+00
3.192905574335389018e-01 2.636509608094090407e+00 1.064191838410445401e+00
3.307765282463520640e-01 2.437173741896604628e+00 1.079422053837646889e+00
3.069515717598964577e-01 2.657492553097412724e+00 1.067170659946210964e+00
3.097544943904794734e-01 2.487464594746067181e+00 1.069913853711101259e+00
3.182613147641202289e-01 2.602865434030802394e+00 1.054354889424877983e+00
3.517742645144854574e-01 2.642599470803570494e+00 1.070935722748824537e+00
3.721070353713858414e-01 2.623573582977948071e+00 1.095018448843143144e+00
3.578481396378598300e-01 2.621988458138619471e+00 1.083543462145654557e+00
