# 	N	Z	means				covs
	20 	20 	6.613559222e-01 	2.610315850e-02
	21 	20 	1.061652100e+00 	1.301716924e-02
	22 	20 	1.276641157e+00 	1.251319671e-02
	23 	20 	1.241598551e+00 	1.185840147e-02
	24 	20 	1.003222512e+00 	1.130078171e-02
	25 	20 	6.753596184e-01 	1.125493201e-02
	26 	20 	3.536378717e-01 	1.116566730e-02
	27 	20 	4.882530517e-02 	1.107201347e-02
	28 	20 	-3.189866642e-01 	1.106106309e-02
	29 	20 	-8.562151078e-01 	1.104984292e-02
	30 	20 	-1.589306867e+00 	1.106683887e-02
	31 	20 	-2.385247804e+00 	1.113900680e-02
	32 	20 	-2.979478731e+00 	1.116094436e-02
	33 	20 	-3.123952416e+00 	1.205091464e-02
	34 	20 	-2.754912423e+00 	1.692957405e-02
	35 	20 	-2.040835532e+00 	3.086806065e-02
	36 	20 	-1.269056667e+00 	6.258621614e-02
	37 	20 	-6.711625236e-01 	1.239768983e-01
	38 	20 	-3.247684865e-01 	2.181226619e-01
	21 	21 	1.141620346e+00 	1.530032920e-02
	22 	21 	1.239437019e+00 	8.406588032e-03
	23 	21 	1.089270852e+00 	7.476100400e-03
	24 	21 	7.915172557e-01 	7.182821850e-03
	25 	21 	4.981789063e-01 	6.924886387e-03
	26 	21 	3.041058681e-01 	6.814459299e-03
	27 	21 	1.850653785e-01 	6.778388858e-03
	28 	21 	2.438267670e-02 	6.743917509e-03
	29 	21 	-2.938753684e-01 	6.727344949e-03
	30 	21 	-7.851165203e-01 	6.730490161e-03
	31 	21 	-1.321945933e+00 	6.782510741e-03
	32 	21 	-1.688573924e+00 	6.876271111e-03
	33 	21 	-1.712147227e+00 	6.991082992e-03
	34 	21 	-1.382694894e+00 	7.461291966e-03
	35 	21 	-8.644044104e-01 	1.016222030e-02
	36 	21 	-3.853224374e-01 	2.172937820e-02
	37 	21 	-9.761355963e-02 	5.426891522e-02
	38 	21 	-1.676605325e-02 	1.164827081e-01
	39 	21 	-6.372833846e-02 	2.032223204e-01
	40 	21 	-1.464154192e-01 	2.988630180e-01
	22 	22 	8.750111131e-01 	1.432277278e-02
	23 	22 	6.201853068e-01 	7.714957635e-03
	24 	22 	3.130059119e-01 	7.107375530e-03
	25 	22 	1.241185969e-01 	6.849011221e-03
	26 	22 	1.208325533e-01 	6.557046903e-03
	27 	22 	2.195351539e-01 	6.483180389e-03
	28 	22 	2.561499233e-01 	6.456224558e-03
	29 	22 	1.142079556e-01 	6.419306537e-03
	30 	22 	-1.897796827e-01 	6.408890175e-03
	31 	22 	-5.184148358e-01 	6.422298186e-03
	32 	22 	-7.038072383e-01 	6.476301087e-03
	33 	22 	-6.532155003e-01 	6.599929495e-03
	34 	22 	-4.046573425e-01 	6.914830552e-03
	35 	22 	-9.832061544e-02 	7.939988462e-03
	36 	22 	1.152756734e-01 	1.155826339e-02
	37 	22 	1.625064495e-01 	2.276402775e-02
	38 	22 	6.813751045e-02 	4.893113546e-02
	39 	22 	-8.981438620e-02 	9.474216666e-02
	40 	22 	-2.397705532e-01 	1.598013695e-01
	41 	22 	-3.439768767e-01 	2.422142198e-01
	42 	22 	-3.915560721e-01 	3.380793862e-01
	23 	23 	1.579424109e-02 	1.371752355e-02
	24 	23 	-2.533431146e-01 	7.491296773e-03
	25 	23 	-3.053280385e-01 	6.786309658e-03
	26 	23 	-1.176905517e-01 	6.542056329e-03
	27 	23 	1.573958528e-01 	6.287340283e-03
	28 	23 	3.080399077e-01 	6.205850445e-03
	29 	23 	2.255291394e-01 	6.179398363e-03
	30 	23 	-2.573856294e-02 	6.148673380e-03
	31 	23 	-2.776882267e-01 	6.145820661e-03
	32 	23 	-3.884306043e-01 	6.167531103e-03
	33 	23 	-3.245378035e-01 	6.184575647e-03
	34 	23 	-1.552382642e-01 	6.321092353e-03
	35 	23 	9.930454763e-03 	6.870439985e-03
	36 	23 	8.775863620e-02 	7.834681897e-03
	37 	23 	5.572812008e-02 	9.698233829e-03
	38 	23 	-5.632480848e-02 	1.539946115e-02
	39 	23 	-2.002326541e-01 	2.993620952e-02
	40 	23 	-3.376548698e-01 	5.975592429e-02
	41 	23 	-4.445082875e-01 	1.141341904e-01
	42 	23 	-5.021238810e-01 	1.995026991e-01
	43 	23 	-4.955046241e-01 	3.072242515e-01
	44 	23 	-4.224265412e-01 	4.142452738e-01
	24 	24 	-6.998124893e-01 	1.357635739e-02
	25 	24 	-6.201362924e-01 	7.396618037e-03
	26 	24 	-2.839126924e-01 	6.739769851e-03
	27 	24 	9.791677887e-02 	6.502713536e-03
	28 	24 	2.768020237e-01 	6.241697281e-03
	29 	24 	1.563536821e-01 	6.164300482e-03
	30 	24 	-1.499050001e-01 	6.140444602e-03
	31 	24 	-4.340940834e-01 	6.106967274e-03
	32 	24 	-5.575318553e-01 	6.113777480e-03
	33 	24 	-5.180493823e-01 	6.143277556e-03
	34 	24 	-3.993868638e-01 	6.147557008e-03
	35 	24 	-2.856700276e-01 	6.223942324e-03
	36 	24 	-2.165757164e-01 	6.415208630e-03
	37 	24 	-1.930473742e-01 	6.601829152e-03
	38 	24 	-2.037101470e-01 	7.101768791e-03
	39 	24 	-2.432065362e-01 	9.121735812e-03
	40 	24 	-3.102005945e-01 	1.667820760e-02
	41 	24 	-3.918311696e-01 	4.055054108e-02
	42 	24 	-4.551803038e-01 	9.459505039e-02
	43 	24 	-4.602524530e-01 	1.808773772e-01
	44 	24 	-3.851380758e-01 	2.834915825e-01
	45 	24 	-2.397742355e-01 	3.824746507e-01
	46 	24 	-5.755406544e-02 	4.665778022e-01
	25 	25 	-6.896966265e-01 	1.346185319e-02
	26 	25 	-2.452475382e-01 	7.352360265e-03
	27 	25 	1.979073841e-01 	6.681799373e-03
	28 	25 	3.724988701e-01 	6.444905998e-03
	29 	25 	1.940247913e-01 	6.189836095e-03
	30 	25 	-1.901760014e-01 	6.115135226e-03
	31 	25 	-5.424605738e-01 	6.089590190e-03
	32 	25 	-7.173183130e-01 	6.052580707e-03
	33 	25 	-7.214941699e-01 	6.057604842e-03
	34 	25 	-6.403630491e-01 	6.091254669e-03
	35 	25 	-5.410618955e-01 	6.123869558e-03
	36 	25 	-4.401860601e-01 	6.201801072e-03
	37 	25 	-3.314174826e-01 	6.364954877e-03
	38 	25 	-2.217604425e-01 	6.629166154e-03
	39 	25 	-1.408051120e-01 	6.847529201e-03
	40 	25 	-1.197596877e-01 	7.448286425e-03
	41 	25 	-1.602342678e-01 	1.351127370e-02
	42 	25 	-2.218846328e-01 	3.638008416e-02
	43 	25 	-2.437512893e-01 	8.426405578e-02
	44 	25 	-1.822724357e-01 	1.543999346e-01
	45 	25 	-3.291919274e-02 	2.395509207e-01
	46 	25 	1.773823671e-01 	3.318778970e-01
	47 	25 	4.092014558e-01 	4.174959214e-01
	26 	26 	6.121972517e-02 	1.343872951e-02
	27 	26 	5.518786338e-01 	7.336603717e-03
	28 	26 	7.357554998e-01 	6.672809830e-03
	29 	26 	5.373918946e-01 	6.437466275e-03
	30 	26 	1.135136194e-01 	6.181824144e-03
	31 	26 	-2.922596987e-01 	6.107723346e-03
	32 	26 	-5.306210394e-01 	6.083793707e-03
	33 	26 	-6.029187555e-01 	6.047115951e-03
	34 	26 	-5.849789581e-01 	6.041092158e-03
	35 	26 	-5.310506064e-01 	6.060880045e-03
	36 	26 	-4.450455417e-01 	6.092287219e-03
	37 	26 	-3.129348989e-01 	6.123832129e-03
	38 	26 	-1.439610335e-01 	6.229786953e-03
	39 	26 	1.735145268e-02 	6.527802940e-03
	40 	26 	1.159636784e-01 	6.673009587e-03
	41 	26 	1.285870515e-01 	7.505992937e-03
	42 	26 	8.705630617e-02 	1.367209404e-02
	43 	26 	5.922991841e-02 	3.055823372e-02
	44 	26 	1.049322207e-01 	6.203109726e-02
	45 	26 	2.480233000e-01 	1.141610701e-01
	46 	26 	4.801389762e-01 	1.886160672e-01
	47 	26 	7.723732638e-01 	2.702941952e-01
	48 	26 	1.072992147e+00 	3.377155853e-01
	49 	26 	1.305273484e+00 	3.860646544e-01
	27 	27 	1.062035957e+00 	1.341040200e-02
	28 	27 	1.265066536e+00 	7.325423048e-03
	29 	27 	1.085472161e+00 	6.660952580e-03
	30 	27 	6.667501530e-01 	6.424985042e-03
	31 	27 	2.325525059e-01 	6.169490915e-03
	32 	27 	-7.357698172e-02 	6.094519405e-03
	33 	27 	-2.398174259e-01 	6.072434304e-03
	34 	27 	-3.224935146e-01 	6.039778205e-03
	35 	27 	-3.620532080e-01 	6.029455923e-03
	36 	27 	-3.531810690e-01 	6.052561232e-03
	37 	27 	-2.700569251e-01 	6.082284379e-03
	38 	27 	-1.092345508e-01 	6.093736451e-03
	39 	27 	8.647257657e-02 	6.196111340e-03
	40 	27 	2.451361081e-01 	6.363940438e-03
	41 	27 	3.158772022e-01 	6.677566958e-03
	42 	27 	3.088739970e-01 	8.089200331e-03
	43 	27 	2.863330608e-01 	1.139576061e-02
	44 	27 	3.177968444e-01 	1.909573762e-02
	45 	27 	4.486048549e-01 	3.985844221e-02
	46 	27 	6.992531580e-01 	8.048893799e-02
	47 	27 	1.063884800e+00 	1.320917409e-01
	48 	27 	1.486352769e+00 	1.781543618e-01
	49 	27 	1.847946909e+00 	2.163466334e-01
	50 	27 	2.012044536e+00 	2.578464051e-01
	28 	28 	1.657610194e+00 	1.340644487e-02
	29 	28 	1.505049469e+00 	7.322406908e-03
	30 	28 	1.119143689e+00 	6.658312219e-03
	31 	28 	6.842590094e-01 	6.423549373e-03
	32 	28 	3.270467986e-01 	6.168013294e-03
	33 	28 	7.288990004e-02 	6.090512176e-03
	34 	28 	-1.103005568e-01 	6.068153653e-03
	35 	28 	-2.473058108e-01 	6.033055036e-03
	36 	28 	-3.246183710e-01 	6.020278676e-03
	37 	28 	-3.045247319e-01 	6.039796403e-03
	38 	28 	-1.682915704e-01 	6.062580449e-03
	39 	28 	4.556313294e-02 	6.096331667e-03
	40 	28 	2.486752072e-01 	6.144396501e-03
	41 	28 	3.618480163e-01 	6.290792029e-03
	42 	28 	3.734664869e-01 	6.799740540e-03
	43 	28 	3.402239844e-01 	7.320770066e-03
	44 	28 	3.406150795e-01 	7.935367764e-03
	45 	28 	4.411141511e-01 	1.246009004e-02
	46 	28 	6.945322873e-01 	2.558554744e-02
	47 	28 	1.125764564e+00 	4.488076009e-02
	48 	28 	1.681040837e+00 	6.332045458e-02
	49 	28 	2.199455199e+00 	8.177322041e-02
	50 	28 	2.477851985e+00 	1.083794560e-01
	51 	28 	2.400980288e+00 	1.457717812e-01
	52 	28 	2.020861006e+00 	1.941938790e-01
	29 	29 	1.532056811e+00 	1.339911933e-02
	30 	29 	1.201831696e+00 	7.319463407e-03
	31 	29 	8.095618801e-01 	6.655218868e-03
	32 	29 	4.544533510e-01 	6.420775211e-03
	33 	29 	1.672110392e-01 	6.165401795e-03
	34 	29 	-6.449131631e-02 	6.088282140e-03
	35 	29 	-2.506593286e-01 	6.065348181e-03
	36 	29 	-3.691175651e-01 	6.029830042e-03
	37 	29 	-3.721786285e-01 	6.016184567e-03
	38 	29 	-2.324736393e-01 	6.022984920e-03
	39 	29 	6.861156057e-03 	6.045538552e-03
	40 	29 	2.364686400e-01 	6.079086612e-03
	41 	29 	3.537860071e-01 	6.096869929e-03
	42 	29 	3.380461164e-01 	6.200342707e-03
	43 	29 	2.525508592e-01 	6.434903018e-03
	44 	29 	1.885507570e-01 	6.571474573e-03
	45 	29 	2.285743845e-01 	6.956445757e-03
	46 	29 	4.508449481e-01 	8.902830498e-03
	47 	29 	9.105463456e-01 	1.254469046e-02
	48 	29 	1.564617805e+00 	1.619681903e-02
	49 	29 	2.222363924e+00 	2.072993835e-02
	50 	29 	2.623695032e+00 	2.971297764e-02
	51 	29 	2.611240301e+00 	4.473378839e-02
	52 	29 	2.238922730e+00 	7.175975844e-02
	53 	29 	1.713723301e+00 	1.267552252e-01
	30 	30 	9.344222943e-01 	1.339817044e-02
	31 	30 	6.351856467e-01 	7.318860940e-03
	32 	30 	3.517497847e-01 	6.654308315e-03
	33 	30 	1.073733731e-01 	6.419668820e-03
	34 	30 	-1.026462140e-01 	6.164287595e-03
	35 	30 	-2.785272794e-01 	6.086530829e-03
	36 	30 	-3.882416758e-01 	6.062085583e-03
	37 	30 	-3.739982255e-01 	6.028358931e-03
	38 	30 	-2.056487822e-01 	6.014499197e-03
	39 	30 	6.082426129e-02 	6.015890423e-03
	40 	30 	2.933038541e-01 	6.033869277e-03
	41 	30 	3.752456007e-01 	6.063566133e-03
	42 	30 	2.925051431e-01 	6.077749943e-03
	43 	30 	1.266585050e-01 	6.130394563e-03
	44 	30 	-1.870404511e-02 	6.266952427e-03
	45 	30 	-5.729178209e-02 	6.354897839e-03
	46 	30 	9.880232262e-02 	6.480484637e-03
	47 	30 	5.277570158e-01 	6.917554851e-03
	48 	30 	1.206145650e+00 	7.349585056e-03
	49 	30 	1.936300107e+00 	7.775329136e-03
	50 	30 	2.426064956e+00 	8.838060878e-03
	51 	30 	2.489330176e+00 	1.112230010e-02
	52 	30 	2.177437883e+00 	2.042575919e-02
	53 	30 	1.712347971e+00 	5.128855866e-02
	54 	30 	1.300176633e+00 	1.165426884e-01
	55 	30 	1.007991673e+00 	2.143289456e-01
	31 	31 	3.310705142e-01 	1.339623213e-02
	32 	31 	1.596784503e-01 	7.318178138e-03
	33 	31 	9.676999747e-03 	6.653746667e-03
	34 	31 	-1.286766567e-01 	6.418964561e-03
	35 	31 	-2.546927191e-01 	6.163919587e-03
	36 	31 	-3.294390727e-01 	6.085506039e-03
	37 	31 	-2.859210760e-01 	6.059415073e-03
	38 	31 	-9.245271409e-02 	6.025029907e-03
	39 	31 	1.836261729e-01 	6.010300826e-03
	40 	31 	3.955112731e-01 	6.007992174e-03
	41 	31 	4.252959603e-01 	6.018012346e-03
	42 	31 	2.750908890e-01 	6.039844385e-03
	43 	31 	4.504200924e-02 	6.052597338e-03
	44 	31 	-1.587096874e-01 	6.085030742e-03
	45 	31 	-2.624786087e-01 	6.144086893e-03
	46 	31 	-1.858998960e-01 	6.201190196e-03
	47 	31 	1.623482703e-01 	6.317842306e-03
	48 	31 	7.845610090e-01 	6.465506481e-03
	49 	31 	1.499461656e+00 	6.612992628e-03
	50 	31 	2.012375672e+00 	6.798885901e-03
	51 	31 	2.126984436e+00 	7.025420011e-03
	52 	31 	1.890091563e+00 	9.203245870e-03
	53 	31 	1.521548166e+00 	2.002148482e-02
	54 	31 	1.214474119e+00 	5.118684589e-02
	55 	31 	1.010032673e+00 	1.129838585e-01
	56 	31 	8.380963780e-01 	2.020319935e-01
	32 	32 	-6.621708433e-02 	1.339603310e-02
	33 	32 	-1.148748041e-01 	7.318257055e-03
	34 	32 	-1.602307917e-01 	6.653897745e-03
	35 	32 	-2.114638059e-01 	6.419160773e-03
	36 	32 	-2.340068557e-01 	6.164429294e-03
	37 	32 	-1.601421483e-01 	6.085855981e-03
	38 	32 	4.223540681e-02 	6.058903057e-03
	39 	32 	3.040512947e-01 	6.023676673e-03
	40 	32 	4.806941343e-01 	6.008554463e-03
	41 	32 	4.664806244e-01 	6.005287614e-03
	42 	32 	2.810411172e-01 	6.007134889e-03
	43 	32 	3.287147917e-02 	6.015619699e-03
	44 	32 	-1.828989473e-01 	6.027738596e-03
	45 	32 	-3.167357036e-01 	6.049853564e-03
	46 	32 	-3.063387896e-01 	6.074755927e-03
	47 	32 	-5.663515821e-02 	6.100504532e-03
	48 	32 	4.590902616e-01 	6.139803354e-03
	49 	32 	1.089362186e+00 	6.205253038e-03
	50 	32 	1.559889515e+00 	6.341781662e-03
	51 	32 	1.681137066e+00 	6.643010537e-03
	52 	32 	1.496223083e+00 	7.124901509e-03
	53 	32 	1.212963889e+00 	8.991090526e-03
	54 	32 	1.004505644e+00 	1.881510753e-02
	55 	32 	8.889417813e-01 	4.724802578e-02
	56 	32 	7.806209672e-01 	9.790497376e-02
	57 	32 	6.176302858e-01 	1.652377758e-01
	58 	32 	4.250681142e-01 	2.450623604e-01
	33 	33 	-3.045499005e-01 	1.339567147e-02
	34 	33 	-2.578367140e-01 	7.318077662e-03
	35 	33 	-2.179316062e-01 	6.653858151e-03
	36 	33 	-1.691608927e-01 	6.419712258e-03
	37 	33 	-5.709237565e-02 	6.165692499e-03
	38 	33 	1.469118461e-01 	6.087021122e-03
	39 	33 	3.822156362e-01 	6.058619150e-03
	40 	33 	5.230435941e-01 	6.020553334e-03
	41 	33 	4.851548935e-01 	6.004224400e-03
	42 	33 	3.006586945e-01 	6.002641318e-03
	43 	33 	7.415666905e-02 	6.001017598e-03
	44 	33 	-1.175972473e-01 	6.001913730e-03
	45 	33 	-2.492066105e-01 	6.009316228e-03
	46 	33 	-2.778877739e-01 	6.024198294e-03
	47 	33 	-1.140386897e-01 	6.043830698e-03
	48 	33 	2.835158834e-01 	6.074461492e-03
	49 	33 	7.947790921e-01 	6.113578189e-03
	50 	33 	1.180007987e+00 	6.135404108e-03
	51 	33 	1.269905246e+00 	6.245387950e-03
	52 	33 	1.105500620e+00 	6.466471439e-03
	53 	33 	8.768337475e-01 	6.705401851e-03
	54 	33 	7.376344382e-01 	8.912332741e-03
	55 	33 	6.948484578e-01 	1.733175894e-02
	56 	33 	6.605393190e-01 	3.462635528e-02
	57 	33 	5.739860143e-01 	6.417597803e-02
	58 	33 	4.598916365e-01 	1.143726397e-01
	59 	33 	3.890224157e-01 	1.877945604e-01
	34 	34 	-4.201803100e-01 	1.339778379e-02
	35 	34 	-3.019061809e-01 	7.322802169e-03
	36 	34 	-1.846741986e-01 	6.660531987e-03
	37 	34 	-3.473543466e-02 	6.427072579e-03
	38 	34 	1.706131655e-01 	6.173042868e-03
	39 	34 	3.843742088e-01 	6.094606887e-03
	40 	34 	5.061517739e-01 	6.065419456e-03
	41 	34 	4.718885526e-01 	6.023024961e-03
	42 	34 	3.163787410e-01 	6.001650437e-03
	43 	34 	1.319659575e-01 	5.998352257e-03
	44 	34 	-2.061617959e-02 	5.995812598e-03
	45 	34 	-1.306922598e-01 	5.994013720e-03
	46 	34 	-1.721015186e-01 	5.997485094e-03
	47 	34 	-7.123586135e-02 	6.003563419e-03
	48 	34 	2.134067496e-01 	6.011640014e-03
	49 	34 	5.913751087e-01 	6.039693311e-03
	50 	34 	8.701566606e-01 	6.074882187e-03
	51 	34 	9.135608780e-01 	6.116477052e-03
	52 	34 	7.600314973e-01 	6.233746151e-03
	53 	34 	5.720265681e-01 	6.412552966e-03
	54 	34 	4.810580735e-01 	6.893173625e-03
	55 	34 	4.951146944e-01 	8.161169526e-03
	56 	34 	5.403015103e-01 	1.050672635e-02
	57 	34 	5.594677904e-01 	1.755123755e-02
	58 	34 	5.597919249e-01 	3.856966682e-02
	59 	34 	5.850253571e-01 	7.869870183e-02
	60 	34 	6.628846164e-01 	1.309989759e-01
	61 	34 	7.768123871e-01 	1.875033849e-01
	35 	35 	-4.581714294e-01 	1.339771313e-02
	36 	35 	-3.202978582e-01 	7.324614301e-03
	37 	35 	-1.609837619e-01 	6.666129224e-03
	38 	35 	3.986589530e-02 	6.433251091e-03
	39 	35 	2.481677265e-01 	6.174832681e-03
	40 	35 	3.827188072e-01 	6.093944381e-03
	41 	35 	3.877691582e-01 	6.068390965e-03
	42 	35 	2.884748128e-01 	6.028575036e-03
	43 	35 	1.607252731e-01 	6.003271019e-03
	44 	35 	5.619007470e-02 	5.995489375e-03
	45 	35 	-1.911241001e-02 	5.991966533e-03
	46 	35 	-5.480606034e-02 	5.990247147e-03
	47 	35 	-4.344647169e-03 	5.993478564e-03
	48 	35 	1.631006900e-01 	5.997494288e-03
	49 	35 	3.900482953e-01 	6.003996214e-03
	50 	35 	5.484658066e-01 	6.022477208e-03
	51 	35 	5.492845921e-01 	6.046579044e-03
	52 	35 	4.239132914e-01 	6.085808741e-03
	53 	35 	2.887572328e-01 	6.144270461e-03
	54 	35 	2.406991622e-01 	6.270833751e-03
	55 	35 	2.958805682e-01 	6.533481926e-03
	56 	35 	4.125968290e-01 	6.651845557e-03
	57 	35 	5.450825651e-01 	7.339949592e-03
	58 	35 	6.695595774e-01 	1.219039862e-02
	59 	35 	7.796245903e-01 	2.418915595e-02
	60 	35 	8.752493735e-01 	4.246235895e-02
	61 	35 	9.519902694e-01 	6.799844421e-02
	62 	35 	9.869385792e-01 	1.071089598e-01
	63 	35 	9.352285424e-01 	1.654238488e-01
	36 	36 	-5.745300426e-01 	1.344686573e-02
	37 	36 	-4.497561687e-01 	7.395540358e-03
	38 	36 	-2.652500221e-01 	6.745819186e-03
	39 	36 	-4.714891875e-02 	6.503274093e-03
	40 	36 	1.303602085e-01 	6.216137570e-03
	41 	36 	2.063522936e-01 	6.103711057e-03
	42 	36 	1.875889699e-01 	6.068097130e-03
	43 	36 	1.327072846e-01 	6.034168670e-03
	44 	36 	8.920246776e-02 	6.007561486e-03
	45 	36 	6.210262593e-02 	5.994058686e-03
	46 	36 	4.271132271e-02 	5.989291765e-03
	47 	36 	4.222216663e-02 	5.986309985e-03
	48 	36 	7.698881789e-02 	5.986885324e-03
	49 	36 	1.311082859e-01 	5.991638152e-03
	50 	36 	1.581589112e-01 	5.999481414e-03
	51 	36 	1.268029819e-01 	6.012035461e-03
	52 	36 	5.330978705e-02 	6.039127602e-03
	53 	36 	-1.400718346e-02 	6.076534431e-03
	54 	36 	-2.939817687e-02 	6.109140112e-03
	55 	36 	3.575877192e-02 	6.232288072e-03
	56 	36 	1.919591793e-01 	6.450471236e-03
	57 	36 	4.195982853e-01 	6.597496012e-03
	58 	36 	6.584733535e-01 	7.061000952e-03
	59 	36 	8.328136365e-01 	8.403368602e-03
	60 	36 	9.027834320e-01 	1.088112301e-02
	61 	36 	8.849337250e-01 	1.667871741e-02
	62 	36 	8.117989813e-01 	3.077487016e-02
	63 	36 	6.785938479e-01 	6.007455737e-02
	64 	36 	4.471286724e-01 	1.131192411e-01
	65 	36 	1.079869439e-01 	1.929520998e-01
	37 	37 	-7.776793543e-01 	1.347823702e-02
	38 	37 	-6.156138127e-01 	7.419082904e-03
	39 	37 	-3.844185390e-01 	6.746053948e-03
	40 	37 	-1.596064385e-01 	6.529967528e-03
	41 	37 	-1.122304643e-02 	6.271289648e-03
	42 	37 	5.085927672e-02 	6.128012566e-03
	43 	37 	7.202628325e-02 	6.068331918e-03
	44 	37 	9.732322623e-02 	6.041047811e-03
	45 	37 	1.286101066e-01 	6.012120657e-03
	46 	37 	1.340583260e-01 	5.994249824e-03
	47 	37 	8.691655425e-02 	5.990721409e-03
	48 	37 	-9.988264891e-03 	5.985597960e-03
	49 	37 	-1.268622440e-01 	5.982881442e-03
	50 	37 	-2.242538025e-01 	5.987423908e-03
	51 	37 	-2.761986212e-01 	5.992448876e-03
	52 	37 	-2.899272758e-01 	5.999543898e-03
	53 	37 	-2.983682338e-01 	6.024133878e-03
	54 	37 	-3.149421192e-01 	6.050614416e-03
	55 	37 	-2.925207678e-01 	6.069524180e-03
	56 	37 	-1.500817171e-01 	6.126870411e-03
	57 	37 	1.365350633e-01 	6.222863412e-03
	58 	37 	4.746292973e-01 	6.370557910e-03
	59 	37 	7.086410195e-01 	6.554815322e-03
	60 	37 	7.460932995e-01 	6.705124204e-03
	61 	37 	6.222400723e-01 	7.206389362e-03
	62 	37 	4.358269043e-01 	9.154693650e-03
	63 	37 	2.371040599e-01 	1.668514853e-02
	64 	37 	-1.959426172e-03 	3.959656943e-02
	65 	37 	-3.118153070e-01 	8.628333014e-02
	66 	37 	-6.444663238e-01 	1.552573106e-01
	38 	38 	-7.855855457e-01 	1.662190848e-02
	39 	38 	-5.516366809e-01 	9.055257096e-03
	40 	38 	-3.089546359e-01 	7.041067290e-03
	41 	38 	-1.288830680e-01 	6.532565287e-03
	42 	38 	-2.539079786e-02 	6.339544004e-03
	43 	38 	4.348286652e-02 	6.152009382e-03
	44 	38 	1.231039336e-01 	6.071052782e-03
	45 	38 	2.107502249e-01 	6.050181999e-03
	46 	38 	2.519458664e-01 	6.012842636e-03
	47 	38 	1.854345080e-01 	5.993610194e-03
	48 	38 	5.706442728e-04 	5.991462968e-03
	49 	38 	-2.367623553e-01 	5.985391161e-03
	50 	38 	-4.179494863e-01 	5.981972244e-03
	51 	38 	-4.732426965e-01 	5.985636880e-03
	52 	38 	-4.359237160e-01 	5.988736042e-03
	53 	38 	-4.137040676e-01 	5.993775178e-03
	54 	38 	-4.714039524e-01 	6.010445326e-03
	55 	38 	-5.383157964e-01 	6.033677805e-03
	56 	38 	-4.575340814e-01 	6.059730771e-03
	57 	38 	-1.514638560e-01 	6.089180510e-03
	58 	38 	2.665494396e-01 	6.146587811e-03
	59 	38 	5.673666880e-01 	6.256051296e-03
	60 	38 	6.010418172e-01 	6.435157277e-03
	61 	38 	4.095790364e-01 	6.713195268e-03
	62 	38 	1.493835098e-01 	6.792123432e-03
	63 	38 	-7.281189233e-02 	7.580311987e-03
	64 	38 	-2.680891826e-01 	1.372273491e-02
	65 	38 	-4.872866906e-01 	3.058838797e-02
	66 	38 	-7.135419395e-01 	6.205313360e-02
	67 	38 	-8.527401200e-01 	1.146824439e-01
	68 	38 	-8.203849331e-01 	1.928409183e-01
	69 	38 	-6.221317417e-01 	2.881273930e-01
	39 	39 	-4.205669577e-01 	2.719123130e-02
	40 	39 	-2.049574315e-01 	1.226688036e-02
	41 	39 	-5.653502686e-02 	7.278552243e-03
	42 	39 	2.142459959e-02 	6.578053489e-03
	43 	39 	7.970336620e-02 	6.411721193e-03
	44 	39 	1.707604798e-01 	6.162049218e-03
	45 	39 	2.921543756e-01 	6.086404987e-03
	46 	39 	3.746964193e-01 	6.061518578e-03
	47 	39 	3.308345927e-01 	6.017289088e-03
	48 	39 	1.333777972e-01 	5.995466837e-03
	49 	39 	-1.379570977e-01 	5.990530631e-03
	50 	39 	-3.376340975e-01 	5.984794109e-03
	51 	39 	-3.716599964e-01 	5.980981698e-03
	52 	39 	-2.911165407e-01 	5.982565788e-03
	53 	39 	-2.518390285e-01 	5.985722319e-03
	54 	39 	-3.512032898e-01 	5.989035186e-03
	55 	39 	-5.007794301e-01 	5.996380527e-03
	56 	39 	-4.885230041e-01 	6.012800252e-03
	57 	39 	-1.930327147e-01 	6.033818025e-03
	58 	39 	2.676201979e-01 	6.060775656e-03
	59 	39 	6.195782130e-01 	6.088382128e-03
	60 	39 	6.710071168e-01 	6.114859422e-03
	61 	39 	4.605281843e-01 	6.249118094e-03
	62 	39 	1.789936036e-01 	6.444546481e-03
	63 	39 	-2.497486439e-02 	6.773677594e-03
	64 	39 	-1.441431002e-01 	8.193785272e-03
	65 	39 	-2.439326349e-01 	1.147180065e-02
	66 	39 	-3.422620970e-01 	1.913811095e-02
	67 	39 	-3.800637380e-01 	4.019131975e-02
	68 	39 	-2.950691418e-01 	8.435451105e-02
	69 	39 	-9.980745931e-02 	1.530765664e-01
	70 	39 	1.184928035e-01 	2.417250512e-01
	40 	40 	8.569921668e-02 	3.560335741e-02
	41 	40 	1.519185509e-01 	1.336891972e-02
	42 	40 	1.439328204e-01 	7.281029911e-03
	43 	40 	1.287599482e-01 	6.655197811e-03
	44 	40 	1.734357867e-01 	6.426895346e-03
	45 	40 	2.856086166e-01 	6.169068236e-03
	46 	40 	3.951007450e-01 	6.091372392e-03
	47 	40 	3.999253679e-01 	6.064950239e-03
	48 	40 	2.535775765e-01 	6.025177737e-03
	49 	40 	2.523413748e-02 	5.999345236e-03
	50 	40 	-1.362989043e-01 	5.990371080e-03
	51 	40 	-1.289298738e-01 	5.984940903e-03
	52 	40 	-3.839319651e-03 	5.980405158e-03
	53 	40 	7.180249552e-02 	5.979613019e-03
	54 	40 	-1.254025351e-02 	5.982826450e-03
	55 	40 	-1.719860984e-01 	5.986319710e-03
	56 	40 	-1.856802155e-01 	5.991112005e-03
	57 	40 	8.215685945e-02 	5.998682737e-03
	58 	40 	5.240236979e-01 	6.014951448e-03
	59 	40 	8.678288534e-01 	6.047321675e-03
	60 	40 	9.170420529e-01 	6.075565382e-03
	61 	40 	7.073880436e-01 	6.111883921e-03
	62 	40 	4.366422802e-01 	6.162717119e-03
	63 	40 	2.693665736e-01 	6.314739876e-03
	64 	40 	2.252433295e-01 	6.831452003e-03
	65 	40 	2.327046106e-01 	7.338252979e-03
	66 	40 	2.459213495e-01 	8.004086326e-03
	67 	40 	2.877157385e-01 	1.256933602e-02
	68 	40 	3.948495130e-01 	2.731340508e-02
	69 	40 	5.499338233e-01 	6.016244840e-02
	70 	40 	6.783769980e-01 	1.198420594e-01
	71 	40 	7.061320445e-01 	2.054972107e-01
	72 	40 	6.157408018e-01 	3.017388298e-01
	41 	41 	3.434374188e-01 	3.730667851e-02
	42 	41 	2.266908829e-01 	1.343530671e-02
	43 	41 	1.034030329e-01 	7.392036756e-03
	44 	41 	5.665053553e-02 	6.742006668e-03
	45 	41 	1.123546870e-01 	6.500455448e-03
	46 	41 	2.140069555e-01 	6.214806318e-03
	47 	41 	2.595578234e-01 	6.101510251e-03
	48 	41 	1.853572630e-01 	6.065810014e-03
	49 	41 	3.360964102e-02 	6.031304849e-03
	50 	41 	-6.838126507e-02 	6.004323507e-03
	51 	41 	-2.066151405e-02 	5.990693593e-03
	52 	41 	1.438066662e-01 	5.986029409e-03
	53 	41 	2.798695432e-01 	5.981210475e-03
	54 	41 	2.787938938e-01 	5.977711768e-03
	55 	41 	1.968497834e-01 	5.979259682e-03
	56 	41 	2.135151165e-01 	5.983392995e-03
	57 	41 	4.446996175e-01 	5.987919166e-03
	58 	41 	8.042717209e-01 	5.991505392e-03
	59 	41 	1.067187859e+00 	5.999589731e-03
	60 	41 	1.072939506e+00 	6.015755655e-03
	61 	41 	8.605347292e-01 	6.050603894e-03
	62 	41 	6.101069960e-01 	6.089275799e-03
	63 	41 	4.741410875e-01 	6.108327116e-03
	64 	41 	4.752775885e-01 	6.226114088e-03
	65 	41 	5.455658675e-01 	6.453098658e-03
	66 	41 	6.274897213e-01 	6.676877998e-03
	67 	41 	7.199176435e-01 	7.133310436e-03
	68 	41 	8.406196579e-01 	9.267359152e-03
	69 	41 	9.698923686e-01 	1.930190651e-02
	70 	41 	1.044418450e+00 	4.764069548e-02
	71 	41 	1.005121739e+00 	9.813844797e-02
	72 	41 	8.473135873e-01 	1.653994817e-01
	73 	41 	6.260359602e-01 	2.453607989e-01
	74 	41 	4.168191807e-01 	3.346805151e-01
	42 	42 	1.987541599e-01 	3.735188569e-02
	43 	42 	-2.290083178e-02 	1.347754919e-02
	44 	42 	-1.709954633e-01 	7.417214789e-03
	45 	42 	-1.997522031e-01 	6.744730969e-03
	46 	42 	-1.409524123e-01 	6.528693046e-03
	47 	42 	-8.199613354e-02 	6.269780819e-03
	48 	42 	-9.580860909e-02 	6.126567928e-03
	49 	42 	-1.731762692e-01 	6.066267683e-03
	50 	42 	-2.233647287e-01 	6.038149632e-03
	51 	42 	-1.575991619e-01 	6.007979565e-03
	52 	42 	1.786960398e-02 	5.989568395e-03
	53 	42 	2.004874479e-01 	5.987230694e-03
	54 	42 	2.963269264e-01 	5.983122501e-03
	55 	42 	3.234774812e-01 	5.978828471e-03
	56 	42 	3.939711156e-01 	5.978871643e-03
	57 	42 	5.840491290e-01 	5.981392781e-03
	58 	42 	8.329338423e-01 	5.985972015e-03
	59 	42 	9.855765897e-01 	5.992666729e-03
	60 	42 	9.375856020e-01 	5.997421366e-03
	61 	42 	7.309992476e-01 	6.005841988e-03
	62 	42 	5.095415177e-01 	6.034360302e-03
	63 	42 	3.929875334e-01 	6.070488833e-03
	64 	42 	3.998202242e-01 	6.101377436e-03
	65 	42 	4.754049630e-01 	6.153345833e-03
	66 	42 	5.699038925e-01 	6.327566608e-03
	67 	42 	6.777163296e-01 	6.575299336e-03
	68 	42 	8.108702946e-01 	6.791872309e-03
	69 	42 	9.517369245e-01 	8.967661151e-03
	70 	42 	1.043441560e+00 	1.739382967e-02
	71 	42 	1.029314922e+00 	3.473266984e-02
	72 	42 	9.008720135e-01 	6.428273634e-02
	73 	42 	7.076648112e-01 	1.149537652e-01
	74 	42 	5.219460829e-01 	1.904540849e-01
	75 	42 	3.923091518e-01 	2.764663383e-01
	76 	42 	3.241360468e-01 	3.539823802e-01
	43 	43 	-1.951157826e-01 	4.057065227e-02
	44 	43 	-4.211459847e-01 	1.662122942e-02
	45 	43 	-5.333195726e-01 	9.055222073e-03
	46 	43 	-5.332711558e-01 	7.040774669e-03
	47 	43 	-4.817914177e-01 	6.531542569e-03
	48 	43 	-4.506047905e-01 	6.337098226e-03
	49 	43 	-4.619568287e-01 	6.148524340e-03
	50 	43 	-4.700245648e-01 	6.068386696e-03
	51 	43 	-4.086312340e-01 	6.049293937e-03
	52 	43 	-2.625771310e-01 	6.011975441e-03
	53 	43 	-8.651539147e-02 	5.990356706e-03
	54 	43 	5.311711066e-02 	5.986819156e-03
	55 	43 	1.491509946e-01 	5.982574225e-03
	56 	43 	2.539381606e-01 	5.979773197e-03
	57 	43 	4.055840693e-01 	5.979433930e-03
	58 	43 	5.656246536e-01 	5.979790895e-03
	59 	43 	6.430882063e-01 	5.982976664e-03
	60 	43 	5.816106575e-01 	5.989655685e-03
	61 	43 	4.164707405e-01 	5.995223265e-03
	62 	43 	2.448541086e-01 	6.000670570e-03
	63 	43 	1.460974587e-01 	6.017285104e-03
	64 	43 	1.326508137e-01 	6.052750289e-03
	65 	43 	1.693845126e-01 	6.082737488e-03
	66 	43 	2.272225677e-01 	6.119645760e-03
	67 	43 	3.114120006e-01 	6.244244346e-03
	68 	43 	4.402726222e-01 	6.440860271e-03
	69 	43 	6.037120385e-01 	6.927762340e-03
	70 	43 	7.499225619e-01 	8.203181831e-03
	71 	43 	8.178746675e-01 	1.056696970e-02
	72 	43 	7.851151618e-01 	1.757823494e-02
	73 	43 	6.845426835e-01 	3.942978100e-02
	74 	43 	5.757478283e-01 	8.294998089e-02
	75 	43 	5.006944469e-01 	1.396503783e-01
	76 	43 	4.639475148e-01 	1.981139860e-01
	77 	43 	4.480639506e-01 	2.631171192e-01
	78 	43 	4.403797499e-01 	3.448787924e-01
	44 	44 	-6.104632898e-01 	5.810948886e-02
	45 	44 	-7.865564129e-01 	2.718965036e-02
	46 	44 	-8.420796824e-01 	1.226441019e-02
	47 	44 	-8.050734713e-01 	7.274694711e-03
	48 	44 	-7.366873060e-01 	6.572416148e-03
	49 	44 	-6.839940329e-01 	6.402726709e-03
	50 	44 	-6.474050449e-01 	6.148143277e-03
	51 	44 	-5.935887423e-01 	6.071309388e-03
	52 	44 	-4.997776250e-01 	6.054176496e-03
	53 	44 	-3.801805146e-01 	6.020868539e-03
	54 	44 	-2.659090485e-01 	6.002693338e-03
	55 	44 	-1.662562882e-01 	5.996181326e-03
	56 	44 	-6.174174585e-02 	5.991688283e-03
	57 	44 	6.164582471e-02 	5.989747768e-03
	58 	44 	1.803816574e-01 	5.989524647e-03
	59 	44 	2.451696573e-01 	5.989692392e-03
	60 	44 	2.259258554e-01 	5.991363449e-03
	61 	44 	1.414697891e-01 	5.996579424e-03
	62 	44 	4.393063054e-02 	6.003526333e-03
	63 	44 	-2.362267313e-02 	6.007834253e-03
	64 	44 	-5.370215047e-02 	6.018646280e-03
	65 	44 	-6.279354870e-02 	6.045500934e-03
	66 	44 	-5.838808651e-02 	6.074145993e-03
	67 	44 	-2.132310694e-02 	6.111965108e-03
	68 	44 	7.615169908e-02 	6.173008709e-03
	69 	44 	2.337226625e-01 	6.295080624e-03
	70 	44 	4.074635513e-01 	6.564855973e-03
	71 	44 	5.364583661e-01 	6.718492346e-03
	72 	44 	5.886791088e-01 	7.365433582e-03
	73 	44 	5.814216867e-01 	1.297643913e-02
	74 	44 	5.579695503e-01 	2.821126002e-02
	75 	44 	5.476966260e-01 	5.042821697e-02
	76 	44 	5.507187882e-01 	7.776530659e-02
	77 	44 	5.571621988e-01 	1.230384921e-01
	78 	44 	5.723473387e-01 	2.014491598e-01
	79 	44 	6.156248521e-01 	3.050219075e-01
	80 	44 	6.935660436e-01 	4.041757917e-01
	45 	45 	-9.267546467e-01 	8.202621486e-02
	46 	45 	-1.027012938e+00 	3.560477679e-02
	47 	45 	-1.008077543e+00 	1.337014129e-02
	48 	45 	-9.145341965e-01 	7.273571302e-03
	49 	45 	-8.070889370e-01 	6.640646167e-03
	50 	45 	-7.236312315e-01 	6.416894694e-03
	51 	45 	-6.654653691e-01 	6.161608696e-03
	52 	45 	-6.156764983e-01 	6.074176129e-03
	53 	45 	-5.634484421e-01 	6.045832449e-03
	54 	45 	-5.076559875e-01 	6.020637345e-03
	55 	45 	-4.443075401e-01 	6.006672458e-03
	56 	45 	-3.626704355e-01 	6.000652417e-03
	57 	45 	-2.587796375e-01 	5.997439895e-03
	58 	45 	-1.481353365e-01 	5.995919493e-03
	59 	45 	-5.891022578e-02 	5.995942160e-03
	60 	45 	-1.093682163e-02 	5.996621842e-03
	61 	45 	-1.882874038e-03 	5.997412541e-03
	62 	45 	-1.321876484e-02 	6.001097403e-03
	63 	45 	-2.836255038e-02 	6.007356021e-03
	64 	45 	-4.466606933e-02 	6.012333291e-03
	65 	45 	-6.730010026e-02 	6.020941654e-03
	66 	45 	-9.091056872e-02 	6.037169717e-03
	67 	45 	-8.993974265e-02 	6.066285525e-03
	68 	45 	-3.393965350e-02 	6.109515436e-03
	69 	45 	8.194447277e-02 	6.142737351e-03
	70 	45 	2.233263507e-01 	6.267042143e-03
	71 	45 	3.397036339e-01 	6.524209968e-03
	72 	45 	4.048667483e-01 	6.637037411e-03
	73 	45 	4.333161056e-01 	7.379869341e-03
	74 	45 	4.565944202e-01 	1.037305919e-02
	75 	45 	4.885214864e-01 	1.477579459e-02
	76 	45 	5.199492789e-01 	2.139765943e-02
	77 	45 	5.471397589e-01 	4.241913763e-02
	78 	45 	5.957192749e-01 	9.451279869e-02
	79 	45 	7.045685230e-01 	1.764879125e-01
	80 	45 	8.800902437e-01 	2.635814428e-01
	81 	45 	1.068919254e+00 	3.295837766e-01
	82 	45 	1.182485164e+00 	3.693721571e-01
	46 	46 	-1.090624382e+00 	9.240901901e-02
	47 	46 	-1.098650516e+00 	3.726008769e-02
	48 	46 	-1.007575829e+00 	1.339121668e-02
	49 	46 	-8.769471355e-01 	7.296643890e-03
	50 	46 	-7.629854449e-01 	6.600561647e-03
	51 	46 	-6.917381105e-01 	6.408382293e-03
	52 	46 	-6.593355907e-01 	6.210056939e-03
	53 	46 	-6.484586245e-01 	6.127459085e-03
	54 	46 	-6.403526753e-01 	6.092379272e-03
	55 	46 	-6.174758635e-01 	6.068509710e-03
	56 	46 	-5.662690784e-01 	6.054603709e-03
	57 	46 	-4.837551666e-01 	6.048775902e-03
	58 	46 	-3.801832780e-01 	6.046938465e-03
	59 	46 	-2.724685122e-01 	6.045724136e-03
	60 	46 	-1.742760720e-01 	6.046001147e-03
	61 	46 	-9.140381207e-02 	6.046953742e-03
	62 	46 	-2.430457794e-02 	6.047672045e-03
	63 	46 	2.644189932e-02 	6.050185467e-03
	64 	46 	5.735950351e-02 	6.054711914e-03
	65 	46 	6.630667592e-02 	6.061034764e-03
	66 	46 	6.181884916e-02 	6.067707751e-03
	67 	46 	6.623167938e-02 	6.075235001e-03
	68 	46 	1.019584281e-01 	6.102226441e-03
	69 	46 	1.688851455e-01 	6.133033105e-03
	70 	46 	2.382069635e-01 	6.148043185e-03
	71 	46 	2.763163970e-01 	6.229279834e-03
	72 	46 	2.775898441e-01 	6.336028947e-03
	73 	46 	2.693128438e-01 	6.465433752e-03
	74 	46 	2.809629082e-01 	7.004203254e-03
	75 	46 	3.131908237e-01 	7.616616388e-03
	76 	46 	3.456525158e-01 	8.080031671e-03
	77 	46 	3.776689821e-01 	1.381399004e-02
	78 	46 	4.520313725e-01 	3.595826317e-02
	79 	46 	6.241113610e-01 	7.839267296e-02
	80 	46 	8.982273574e-01 	1.283328146e-01
	81 	46 	1.195488316e+00 	1.677858853e-01
	82 	46 	1.392010571e+00 	1.929685698e-01
	83 	46 	1.398500198e+00 	2.203790674e-01
	47 	47 	-1.086170593e+00 	9.248540753e-02
	48 	47 	-1.034651602e+00 	3.658397297e-02
	49 	47 	-9.278110808e-01 	1.328478117e-02
	50 	47 	-8.161447294e-01 	7.312665987e-03
	51 	47 	-7.332563874e-01 	6.512334832e-03
	52 	47 	-6.896424050e-01 	6.340024264e-03
	53 	47 	-6.792129033e-01 	6.203180835e-03
	54 	47 	-6.858694930e-01 	6.138085042e-03
	55 	47 	-6.881973135e-01 	6.117194922e-03
	56 	47 	-6.672956693e-01 	6.103305391e-03
	57 	47 	-6.152492276e-01 	6.091904241e-03
	58 	47 	-5.358495321e-01 	6.088261252e-03
	59 	47 	-4.373214629e-01 	6.086927876e-03
	60 	47 	-3.262924855e-01 	6.086115687e-03
	61 	47 	-2.084658518e-01 	6.086374181e-03
	62 	47 	-9.177644181e-02 	6.087171329e-03
	63 	47 	1.362185421e-02 	6.088391274e-03
	64 	47 	9.899812318e-02 	6.089831190e-03
	65 	47 	1.621286558e-01 	6.092774070e-03
	66 	47 	2.107833356e-01 	6.099734314e-03
	67 	47 	2.589334782e-01 	6.104964016e-03
	68 	47 	3.126891053e-01 	6.110951226e-03
	69 	47 	3.564456691e-01 	6.133080103e-03
	70 	47 	3.586616924e-01 	6.155988895e-03
	71 	47 	3.007762610e-01 	6.182875990e-03
	72 	47 	2.027465375e-01 	6.241949733e-03
	73 	47 	1.133328305e-01 	6.286416911e-03
	74 	47 	6.876910188e-02 	6.393274294e-03
	75 	47 	6.313828760e-02 	6.689140821e-03
	76 	47 	6.719263110e-02 	6.833950525e-03
	77 	47 	7.929198470e-02 	7.528589687e-03
	78 	47 	1.500070095e-01 	1.255735051e-02
	79 	47 	3.429017519e-01 	2.487258424e-02
	80 	47 	6.618976303e-01 	4.079924298e-02
	81 	47 	1.017649518e+00 	5.306587148e-02
	82 	47 	1.272296073e+00 	6.102760753e-02
	83 	47 	1.326862319e+00 	7.929003574e-02
	84 	47 	1.177844446e+00 	1.319938704e-01
	85 	47 	9.040527745e-01 	2.284982330e-01
	48 	48 	-1.001769307e+00 	8.246215839e-02
	49 	48 	-9.558349906e-01 	3.078465843e-02
	50 	48 	-8.735173673e-01 	1.183707485e-02
	51 	48 	-7.803470199e-01 	7.942853915e-03
	52 	48 	-7.001242084e-01 	7.368494750e-03
	53 	48 	-6.513596502e-01 	6.850957555e-03
	54 	48 	-6.381185474e-01 	6.487974243e-03
	55 	48 	-6.454429407e-01 	6.390717528e-03
	56 	48 	-6.490618760e-01 	6.378551095e-03
	57 	48 	-6.314565745e-01 	6.368174051e-03
	58 	48 	-5.879515758e-01 	6.363007249e-03
	59 	48 	-5.202845518e-01 	6.360398475e-03
	60 	48 	-4.301283738e-01 	6.359352340e-03
	61 	48 	-3.206629532e-01 	6.359023349e-03
	62 	48 	-2.004910131e-01 	6.358827797e-03
	63 	48 	-8.163351616e-02 	6.359742477e-03
	64 	48 	2.774966591e-02 	6.361214256e-03
	65 	48 	1.289573898e-01 	6.361934445e-03
	66 	48 	2.308353793e-01 	6.364056746e-03
	67 	48 	3.386456770e-01 	6.369466598e-03
	68 	48 	4.388945501e-01 	6.373441762e-03
	69 	48 	4.944949575e-01 	6.379411491e-03
	70 	48 	4.638742371e-01 	6.391307356e-03
	71 	48 	3.365043375e-01 	6.401559338e-03
	72 	48 	1.527206704e-01 	6.430558501e-03
	73 	48 	-1.870318784e-02 	6.476076932e-03
	74 	48 	-1.310151854e-01 	6.490889379e-03
	75 	48 	-1.894203742e-01 	6.564964899e-03
	76 	48 	-2.275160879e-01 	6.742128693e-03
	77 	48 	-2.528511240e-01 	6.867523442e-03
	78 	48 	-2.210914945e-01 	7.270820731e-03
	79 	48 	-7.253843300e-02 	8.571430079e-03
	80 	48 	2.006275289e-01 	1.045864888e-02
	81 	48 	5.237287497e-01 	1.158490639e-02
	82 	48 	7.789362725e-01 	1.232517042e-02
	83 	48 	8.801387599e-01 	2.162875589e-02
	84 	48 	8.192000849e-01 	5.743639879e-02
	85 	48 	6.535324166e-01 	1.318972475e-01
	86 	48 	4.587328469e-01 	2.396447067e-01
	49 	49 	-9.366717914e-01 	5.211201957e-02
	50 	49 	-8.864693701e-01 	1.730001422e-02
	51 	49 	-7.759184465e-01 	9.497687346e-03
	52 	49 	-6.406560363e-01 	8.670368645e-03
	53 	49 	-5.288120170e-01 	7.712741742e-03
	54 	49 	-4.722385511e-01 	6.935144323e-03
	55 	49 	-4.673431202e-01 	6.735267986e-03
	56 	49 	-4.845155940e-01 	6.711516413e-03
	57 	49 	-4.944370689e-01 	6.694662659e-03
	58 	49 	-4.841197815e-01 	6.690836998e-03
	59 	49 	-4.531324778e-01 	6.686861242e-03
	60 	49 	-4.038581667e-01 	6.684210371e-03
	61 	49 	-3.392253461e-01 	6.684147814e-03
	62 	49 	-2.649772704e-01 	6.683673067e-03
	63 	49 	-1.872220160e-01 	6.683654278e-03
	64 	49 	-1.051523428e-01 	6.684432998e-03
	65 	49 	-7.788699447e-03 	6.685755895e-03
	66 	49 	1.181054604e-01 	6.686658533e-03
	67 	49 	2.707761875e-01 	6.688523773e-03
	68 	49 	4.186115495e-01 	6.692451877e-03
	69 	49 	5.041417867e-01 	6.696704612e-03
	70 	49 	4.742889017e-01 	6.703982961e-03
	71 	49 	3.203299765e-01 	6.711575446e-03
	72 	49 	9.300776327e-02 	6.717643311e-03
	73 	49 	-1.275709743e-01 	6.741305760e-03
	74 	49 	-2.861901583e-01 	6.775359071e-03
	75 	49 	-3.828028406e-01 	6.801636351e-03
	76 	49 	-4.511901578e-01 	6.858191134e-03
	77 	49 	-5.091212707e-01 	6.970118970e-03
	78 	49 	-5.316533688e-01 	7.105792205e-03
	79 	49 	-4.746703749e-01 	7.220187449e-03
	80 	49 	-3.235047393e-01 	7.391464353e-03
	81 	49 	-1.166848083e-01 	7.638885240e-03
	82 	49 	7.743288710e-02 	8.078787096e-03
	83 	49 	2.057316911e-01 	1.137495745e-02
	84 	49 	2.557825042e-01 	2.496357086e-02
	85 	49 	2.472627485e-01 	6.172133804e-02
	86 	49 	2.080307403e-01 	1.378688476e-01
	87 	49 	1.584983576e-01 	2.577736822e-01
	88 	49 	1.100186539e-01 	3.969280856e-01
	50 	50 	-8.099381674e-01 	2.464512728e-02
	51 	50 	-6.743926775e-01 	1.303351623e-02
	52 	50 	-4.839535756e-01 	1.236603363e-02
	53 	50 	-3.104304159e-01 	1.173249250e-02
	54 	50 	-2.085379514e-01 	1.114579917e-02
	55 	50 	-1.845162686e-01 	1.108987356e-02
	56 	50 	-2.046207271e-01 	1.106739548e-02
	57 	50 	-2.299896348e-01 	1.101454537e-02
	58 	50 	-2.422649649e-01 	1.100691075e-02
	59 	50 	-2.430225918e-01 	1.100441472e-02
	60 	50 	-2.400493376e-01 	1.099965237e-02
	61 	50 	-2.387360904e-01 	1.099923797e-02
	62 	50 	-2.406446168e-01 	1.099902298e-02
	63 	50 	-2.413219308e-01 	1.099915986e-02
	64 	50 	-2.260761896e-01 	1.099944318e-02
	65 	50 	-1.715826167e-01 	1.100006915e-02
	66 	50 	-5.932173544e-02 	1.100124547e-02
	67 	50 	1.041007321e-01 	1.100230399e-02
	68 	50 	2.747978603e-01 	1.100506693e-02
	69 	50 	3.830305722e-01 	1.100805686e-02
	70 	50 	3.694901280e-01 	1.100909586e-02
	71 	50 	2.249412460e-01 	1.101523533e-02
	72 	50 	8.706188607e-04 	1.102664779e-02
	73 	50 	-2.225181157e-01 	1.103400819e-02
	74 	50 	-3.877757758e-01 	1.104247909e-02
	75 	50 	-4.891570329e-01 	1.106540749e-02
	76 	50 	-5.578413625e-01 	1.109590284e-02
	77 	50 	-6.224480077e-01 	1.111570582e-02
	78 	50 	-6.829315610e-01 	1.115350221e-02
	79 	50 	-7.170178870e-01 	1.124566716e-02
	80 	50 	-7.046171166e-01 	1.133393787e-02
	81 	50 	-6.428998147e-01 	1.146004225e-02
	82 	50 	-5.421872597e-01 	1.198979555e-02
	83 	50 	-4.156209611e-01 	1.265176195e-02
	84 	50 	-2.769451450e-01 	1.391591605e-02
	85 	50 	-1.442612786e-01 	2.811526627e-02
	86 	50 	-3.841206611e-02 	8.472979434e-02
	87 	50 	2.645037419e-02 	2.023692395e-01
	88 	50 	5.068109937e-02 	3.557449939e-01
	89 	50 	4.721765626e-02 	4.924045194e-01
