9.092883438164028220e+00 2.749397849105812863e+00 2.724089771005504534e+00
8.746177934405245935e+00 2.671645275849041656e+00 2.687710705421910262e+00
8.758739648634437103e+00 2.753243390647437838e+00 2.761418816798367093e+00
8.862233871414860076e+00 2.699738784116764823e+00 2.720511990115115353e+00
9.103587450271163561e+00 2.746595026445419307e+00 2.748580432764029080e+00
9.008531413037680124e+00 2.772175147630862924e+00 2.765695028139441458e+00
8.525529453416325509e+00 2.750589024757004619e+00 2.744901672428780692e+00
9.843327963595449148e+00 2.767820894692609723e+00 2.775732578804159356e+00
8.182164491817331964e+00 2.662511268302210521e+00 2.653116441808512693e+00
9.413742152315846212e+00 2.738434809436903983e+00 2.711721114417347422e+00
8.764541329916076151e+00 2.728335544373607036e+00 2.697515064282283603e+00
8.521516304495348137e+00 2.687983690772134615e+00 2.650128304771266485e+00
9.805635891368078561e+00 2.737782773063150543e+00 2.692933155852508698e+00
8.319517844119527439e+00 2.739548698258569281e+00 2.686790215463819909e+00
8.319517844119527439e+00 2.739548698258569281e+00 2.686790215463819909e+00
1.195481139983383301e+01 2.782864163680703218e+00 2.757006306317224098e+00
8.781648124306938641e+00 2.711216286277716048e+00 2.656141817981832798e+00
9.831131529678744485e+00 2.772042023207092587e+00 2.718028964017092264e+00
9.831131529678744485e+00 2.772042023207092587e+00 2.718028964017092264e+00
8.409811742892767228e+00 2.726475536693739876e+00 2.652204198752705189e+00
1.044763675977441686e+01 2.808423000692607641e+00 2.743305009789530846e+00
9.530446695830155690e+00 2.772298838522595510e+00 2.706518640499786965e+00
1.018955441224158776e+01 2.814036136398216925e+00 2.748883310634968602e+00
1.095991145363386110e+01 2.844166617138110809e+00 2.783332430978893157e+00
9.229608680035063628e+00 2.801961588212761978e+00 2.722840026067805397e+00
8.841465451789684238e+00 2.767119748733547713e+00 2.678990591409687205e+00
9.595841225521791529e+00 2.806050248459124763e+00 2.724515716606802140e+00
9.321610435912990766e+00 2.758813250252968974e+00 2.664392710361341177e+00
9.321610435912990766e+00 2.758813250252968974e+00 2.664392710361341177e+00
7.972511416657578565e+00 2.690961817585649563e+00 2.619837328351567685e+00
1.160994825490428362e+01 2.881221769669350952e+00 2.807566635223431639e+00
7.796427030553370940e+00 2.748856589117839810e+00 2.645520409349145119e+00
9.577559315812102625e+00 2.810902553475019161e+00 2.708006486133363477e+00
9.402745143515707227e+00 2.767479363310737739e+00 2.671805081204399634e+00
9.270768314820120537e+00 2.765454642315585687e+00 2.668881460422343643e+00
9.964959463555041808e+00 2.703423456472127562e+00 2.661382212869292552e+00
7.867795923681284442e+00 2.782585701788170773e+00 2.703659112653391539e+00
9.438297563166175408e+00 2.752481150857085446e+00 2.721181213151583123e+00
9.438297563166175408e+00 2.752481150857085446e+00 2.721181213151583123e+00
9.438297563166175408e+00 2.752481150857085446e+00 2.721181213151583123e+00
8.590324544545186569e+00 2.716103652237454202e+00 2.665724535349649926e+00
1.021160261076275688e+01 2.772954990164593791e+00 2.725974485256158708e+00
9.012941536511682727e+00 2.733604770937375861e+00 2.673658248599873222e+00
9.632264366621404506e+00 2.783097619672809664e+00 2.740173088251863565e+00
8.453733772376695654e+00 2.740396845443986873e+00 2.700537891910916866e+00
9.994674290626342383e+00 2.778203982939959182e+00 2.752674594126804930e+00
9.825713520736723439e+00 2.763641993956230003e+00 2.739603807195567065e+00
7.997774606959045407e+00 2.709159025184132652e+00 2.660882740617047215e+00
9.374420417000514760e+00 2.782025309538073810e+00 2.747786237180073865e+00
8.714753659967643173e+00 2.707811254178832172e+00 2.689524958579165403e+00
9.320221017368002236e+00 2.778481901865982540e+00 2.775368698769201448e+00
9.320221017368002236e+00 2.778481901865982540e+00 2.775368698769201448e+00
8.337285434240342852e+00 2.729607071314229749e+00 2.722092197290871596e+00
8.337285434240342852e+00 2.729607071314229749e+00 2.722092197290871596e+00
9.336101335501426846e+00 2.771489087435655474e+00 2.770791498473044623e+00
8.698458662107690031e+00 2.778672652118358233e+00 2.770505861100894585e+00
9.935661300503314308e+00 2.851704378275346841e+00 2.848396860629142324e+00
7.904034216639284516e+00 2.689594556028833239e+00 2.684968235846034279e+00
9.832271388246565991e+00 2.715753776231815575e+00 2.768826345826846058e+00
8.834790193392231927e+00 2.791072717626399413e+00 2.810485875898122821e+00
8.961669247934889171e+00 2.675006575798109854e+00 2.708903383072204019e+00
9.331313869955581097e+00 2.829227199320722974e+00 2.842811515124032962e+00
9.047849592871729740e+00 2.670856056274008239e+00 2.741052630519014155e+00
1.025397556145431999e+01 2.768524586620163319e+00 2.856125179747176279e+00
9.214923053030823041e+00 2.676214116869509052e+00 2.767746624573252934e+00
8.468977009130304268e+00 2.687328388721306194e+00 2.767108831074819086e+00
8.956962344452179536e+00 2.778693877231148690e+00 2.841412096863406234e+00
1.021275041081194068e+01 2.745774754289766140e+00 2.838684990088303550e+00
1.021275041081194068e+01 2.745774754289766140e+00 2.838684990088303550e+00
7.456374729888126218e+00 2.678146736072921641e+00 2.733012701651182930e+00
1.014868199435197127e+01 2.702911348238743461e+00 2.815027065598463274e+00
7.936615890250631189e+00 2.638189303498976734e+00 2.718199008227086821e+00
9.893745529908121839e+00 2.687477176854832006e+00 2.795851368661887992e+00
7.727248019492595432e+00 2.642554056287934383e+00 2.719473746579411877e+00
1.086296299868534732e+01 2.813219032332371139e+00 2.898267962725192159e+00
9.661597189675724451e+00 2.733498343399969333e+00 2.817011892442697896e+00
9.121916102847704266e+00 2.678083180608302083e+00 2.761650323893650505e+00
9.679583190289617889e+00 2.728461081690880974e+00 2.812450189758894936e+00
8.768829473924691698e+00 2.722783951768413147e+00 2.789623801873717834e+00
1.029276545212278648e+01 2.724990451308862749e+00 2.806134351502676871e+00
8.922159005129179477e+00 2.710201882951678964e+00 2.775754540255410241e+00
1.028680007184458312e+01 2.751617941553674562e+00 2.832254670813540987e+00
8.249537539566764721e+00 2.659713542205483616e+00 2.720418553801469130e+00
9.552630374681745806e+00 2.724598019891630862e+00 2.794293176356477559e+00
8.807745912551382617e+00 2.705795381547545286e+00 2.779012653590072102e+00
8.807745912551382617e+00 2.705795381547545286e+00 2.779012653590072102e+00
8.485412947178339493e+00 2.719437716928230220e+00 2.778254314755488785e+00
9.054427858355726499e+00 2.721583412551269010e+00 2.784404227719403657e+00
9.176898453890395047e+00 2.791192700775075863e+00 2.839233451253926344e+00
8.947616985413866075e+00 2.660790839092403548e+00 2.732786703321699040e+00
8.705964596489192076e+00 2.710597505419360065e+00 2.766833755067854561e+00
8.979698373588810512e+00 2.741091227732925795e+00 2.805424029754617798e+00
9.056658232818152854e+00 2.719559169931859088e+00 2.791046665299423246e+00
1.008904821677939445e+01 2.739212322552845968e+00 2.817581974964908920e+00
7.668664617991844956e+00 2.709618598317318217e+00 2.733317547160547978e+00
1.060957214099161838e+01 2.679985336128194007e+00 2.792046767589716705e+00
9.273636099728225446e+00 2.666114272847680766e+00 2.758644553882375394e+00
8.962145525930917955e+00 2.757473893817931732e+00 2.816395723682155960e+00
8.944366829052926349e+00 2.676054415148774623e+00 2.753451057412787950e+00
9.218468421975874350e+00 2.693656931251452669e+00 2.778202252497763869e+00
9.577308520873145881e+00 2.713384532877766375e+00 2.800180318320718786e+00
7.752980176509407073e+00 2.625274878475548412e+00 2.697515206612443261e+00
9.721739339139924496e+00 2.820305404881608080e+00 2.864348079296050287e+00
8.646075770538203642e+00 2.726474756294431590e+00 2.776213610682682020e+00
9.000572883779982547e+00 2.719731469825321657e+00 2.775551051363836841e+00
8.993666515411367968e+00 2.710619857389017007e+00 2.770431305136668687e+00
9.104477225838643051e+00 2.768107538960860925e+00 2.818453859057677757e+00
8.127190910934295687e+00 2.731401491530568659e+00 2.753005266644795501e+00
9.026836547800174415e+00 2.686944838051979367e+00 2.763023461515606183e+00
8.514495716861530283e+00 2.724179489645231822e+00 2.795805431591719348e+00
9.532289050957761134e+00 2.789300040748752707e+00 2.855771831818750606e+00
8.842168294685137653e+00 2.689433843719192918e+00 2.765564649937746644e+00
8.866976545987139247e+00 2.701214301776230897e+00 2.775282032803366050e+00
8.745012854624187426e+00 2.628663792833481505e+00 2.697049580462660412e+00
9.035548966178019725e+00 2.675473091619127164e+00 2.728457060878969109e+00
8.789305264569112097e+00 2.721971925306855944e+00 2.741820672820373339e+00
8.980212101209398057e+00 2.701278439691915167e+00 2.729641307848664322e+00
8.980212101209398057e+00 2.701278439691915167e+00 2.729641307848664322e+00
9.718429602654499178e+00 2.816852315442902821e+00 2.823969654569912002e+00
8.008300043333255402e+00 2.709640545563620329e+00 2.709795400759183792e+00
1.009843923391719933e+01 2.683702186583524441e+00 2.782873500485398388e+00
8.354929787249764317e+00 2.732304544097978294e+00 2.776703494559042085e+00
8.354929787249764317e+00 2.732304544097978294e+00 2.776703494559042085e+00
9.299145938282194379e+00 2.713738536993459238e+00 2.799567350318731496e+00
8.419397247263399109e+00 2.656811017921001827e+00 2.690956339277016163e+00
1.052194587036199991e+01 2.724808276622066927e+00 2.751143393950357119e+00
9.405403990571775452e+00 2.707607304557860584e+00 2.727874416421302239e+00
9.590023824017041676e+00 2.717382421570897488e+00 2.756955167097809412e+00
8.199421485041209934e+00 2.709521335876924564e+00 2.741128307899025174e+00
9.663834629411297783e+00 2.749354884919541941e+00 2.789043931315828395e+00
9.663834629411297783e+00 2.749354884919541941e+00 2.789043931315828395e+00
8.833288676352964330e+00 2.685439364327790734e+00 2.727012770210162973e+00
9.572488308096453125e+00 2.752913617508672584e+00 2.792149866531463243e+00
9.502534868314803873e+00 2.743855783956610228e+00 2.783838292033627315e+00
9.163042984161625881e+00 2.703406448602526435e+00 2.749018937041544763e+00
9.603718888604419135e+00 2.710560478277173058e+00 2.788803921608451031e+00
9.561001515808168705e+00 2.731576271082998275e+00 2.799651089144702620e+00
8.444530140513856864e+00 2.717239996280798486e+00 2.766339740893563270e+00
9.165555815684879093e+00 2.735479851765062698e+00 2.785494909173514166e+00
1.028904648872673278e+01 2.764634195713494336e+00 2.826834010153389087e+00
7.769215307370239465e+00 2.699269817472148780e+00 2.734717474442156959e+00
1.021112685096454342e+01 2.740457290951881841e+00 2.804242028876327453e+00
9.793704518847411222e+00 2.725610146908627573e+00 2.791483843253799169e+00
9.310133859832165015e+00 2.758018430957698719e+00 2.802555547922856771e+00
8.695030777067277228e+00 2.694679795587010318e+00 2.738316765614015935e+00
1.257136552471408031e+01 2.833762295532795683e+00 2.906404032847546670e+00
7.539734780028109817e+00 2.636043806754404972e+00 2.672814676966978276e+00
1.123529724301809907e+01 2.766569818665065128e+00 2.827553122891469428e+00
9.236452166672977526e+00 2.699063516397112839e+00 2.752426506543084628e+00
9.371674748866613669e+00 2.712429912872735827e+00 2.775535386722288056e+00
9.286633198360402019e+00 2.642110800342184262e+00 2.705455890887716652e+00
8.994522107999067373e+00 2.684875892148084198e+00 2.736659272329681869e+00
8.729982036989225591e+00 2.688071044889005723e+00 2.715656567126826459e+00
9.077001861478960265e+00 2.710264214278293338e+00 2.736333599503979475e+00
9.689588512407050658e+00 2.726107319911695193e+00 2.773163782323754489e+00
8.353149194075086825e+00 2.674734948939720081e+00 2.700900555603078512e+00
1.034514395871068082e+01 2.706185666252447941e+00 2.752977076647155741e+00
8.477290542057870582e+00 2.622760712326507093e+00 2.632310261097121185e+00
1.079914790004775682e+01 2.732982180305054243e+00 2.758258603585788560e+00
8.932104294628558705e+00 2.765780682260242873e+00 2.754993302564449298e+00
8.586708326207016739e+00 2.710424404427804301e+00 2.710045891356230641e+00
9.945944924658869368e+00 2.785663202245374226e+00 2.795736392341585219e+00
9.945944924658869368e+00 2.785663202245374226e+00 2.795736392341585219e+00
9.743252437348321138e+00 2.713291291791623649e+00 2.758444012646112053e+00
7.976793943648635477e+00 2.697793205184323195e+00 2.759109504179449779e+00
1.071130041140715150e+01 2.684315947012352765e+00 2.801120521145656461e+00
7.620414836462879649e+00 2.590569500739645648e+00 2.659447481011611103e+00
1.198149982017949888e+01 2.801751580222713311e+00 2.897608783497390927e+00
8.061362590732681355e+00 2.666530267299287882e+00 2.729307625036702323e+00
9.957966921685107664e+00 2.730940553953310701e+00 2.814023957049568203e+00
9.417415240872163196e+00 2.752164405717536066e+00 2.818824247442353936e+00
9.250639234019530477e+00 2.705470168051744118e+00 2.776664048821322783e+00
9.718258758012096266e+00 2.739076795933162334e+00 2.816505119490491982e+00
8.937500868848927027e+00 2.790529895089719492e+00 2.843584483312397548e+00
9.272361028843741693e+00 2.631948013923563146e+00 2.726641839112495358e+00
9.410534826772742889e+00 2.678754768455955393e+00 2.773954003635355825e+00
8.878352426281622911e+00 2.705810589042814573e+00 2.791511162843261840e+00
9.318413345969423389e+00 2.761208927985570938e+00 2.838636296008986815e+00
8.233506473071361853e+00 2.676995336378312995e+00 2.764412496144306175e+00
1.136583591528897941e+01 2.759159956550445880e+00 2.886722010855545140e+00
8.730726337475500642e+00 2.656516722424901111e+00 2.768517681467699720e+00
9.145207549879181386e+00 2.707278327971905707e+00 2.813047366139624916e+00
9.104421516448054419e+00 2.700659822148621103e+00 2.807859216998435326e+00
9.572630208490844339e+00 2.656805075529207194e+00 2.799125667142392082e+00
8.678337232894410391e+00 2.680585837689297701e+00 2.809360917339135177e+00
9.347424101817923159e+00 2.660754249189404952e+00 2.805417870124095714e+00
8.493381177658477554e+00 2.699424079643453211e+00 2.812882082408695084e+00
9.965868731504160749e+00 2.645405433306819543e+00 2.813613246136910995e+00
9.823646002728066762e+00 2.738487571137647070e+00 2.887207042859774475e+00
8.459078742576377152e+00 2.629291334200537733e+00 2.783891751757314736e+00
9.804183263766674372e+00 2.694865562857144958e+00 2.853564275100385572e+00
9.804183263766674372e+00 2.694865562857144958e+00 2.853564275100385572e+00
9.623914724362899520e+00 2.720187791240454178e+00 2.866105285374342504e+00
7.772189316451564522e+00 2.629642151372524328e+00 2.760108758518491356e+00
1.012793099657268492e+01 2.701448974221131838e+00 2.869648256652768570e+00
1.012793099657268492e+01 2.701448974221131838e+00 2.869648256652768570e+00
7.712028239111887729e+00 2.608743033583970306e+00 2.758119118933886060e+00
1.053957359155073625e+01 2.700842169407359883e+00 2.893987855214294136e+00
7.635320044226077130e+00 2.596999010984163636e+00 2.744039221170246456e+00
1.034751787335120277e+01 2.732535625009878899e+00 2.903989731280775199e+00
9.349421504496005397e+00 2.698778276278766430e+00 2.863007777131389098e+00
9.547201507568459533e+00 2.727864906695881775e+00 2.884438930991872763e+00
8.508169283527550419e+00 2.597727183752114311e+00 2.746578344303218344e+00
1.061458033582117899e+01 2.717426083896639089e+00 2.863292029535755123e+00
9.407527665648496296e+00 2.714983971065838997e+00 2.834943017824344214e+00
9.816485755144059411e+00 2.697705442862660785e+00 2.836359031052296142e+00
8.282682252281817981e+00 2.670969038617333702e+00 2.786313596615752175e+00
1.041936818762152228e+01 2.753713667346762151e+00 2.887370130859536754e+00
7.743967425222153089e+00 2.628388244137017882e+00 2.740342993349481837e+00
1.044041328760507170e+01 2.751567961116278660e+00 2.874414162685330343e+00
1.044074996293919178e+01 2.664497422959449580e+00 2.807280602744719467e+00
9.031377076607533638e+00 2.688378493784591150e+00 2.795024344733877619e+00
8.902999155440241452e+00 2.689871875493953901e+00 2.771890112207271439e+00
8.961459113078584338e+00 2.687969293130674675e+00 2.776812250469687271e+00
1.008630195882273739e+01 2.688587752703287315e+00 2.822984291208277874e+00
8.154242374291914786e+00 2.694940436176258558e+00 2.798317643633524643e+00
9.913091962753563635e+00 2.695189128859145189e+00 2.832641962230531885e+00
7.758662964172098775e+00 2.633018514537650123e+00 2.736610675573607487e+00
1.037903536788675574e+01 2.669596914778110452e+00 2.814441201597298381e+00
8.477032711273011500e+00 2.709168702055945399e+00 2.785416956777265085e+00
9.969170751651972751e+00 2.705031649028493579e+00 2.809754462257769259e+00
9.009483591450376139e+00 2.673475096646365845e+00 2.750421349879075272e+00
1.024753838154469499e+01 2.741712240850701754e+00 2.829493746050125491e+00
1.024753838154469499e+01 2.741712240850701754e+00 2.829493746050125491e+00
9.292812050493404641e+00 2.655280053212854430e+00 2.750308035355920389e+00
1.035134526852021075e+01 2.783405109655562981e+00 2.868877826950286369e+00
8.068617778069272717e+00 2.796863950287142853e+00 2.835355100684319840e+00
9.600447989489358847e+00 2.692127591889068139e+00 2.798728504638297032e+00
9.554220996979150726e+00 2.748286300245277314e+00 2.850291950273927011e+00
9.060167295890765971e+00 2.611135800474910784e+00 2.751495049139883964e+00
9.946927394251058985e+00 2.722547166538855201e+00 2.870404674559135838e+00
7.581608652646100843e+00 2.641011933812785095e+00 2.760665609718947255e+00
7.581608652646100843e+00 2.641011933812785095e+00 2.760665609718947255e+00
9.907475483753188428e+00 2.668860030357809610e+00 2.842692702168540198e+00
8.212158251651258567e+00 2.700702957636179402e+00 2.825504926347666590e+00
9.705013007343332276e+00 2.604413915533079660e+00 2.747040427610363267e+00
9.737216565291687331e+00 2.721096050353532636e+00 2.791991785772057089e+00
8.251964523590592293e+00 2.681317674597639478e+00 2.728928652802940391e+00
9.279041511727033509e+00 2.711769941024287700e+00 2.772270355739076209e+00
9.212201497301446551e+00 2.729021518636987498e+00 2.783067627416107914e+00
9.261624821006401831e+00 2.736710349039483514e+00 2.791123688278560611e+00
8.832519837407508234e+00 2.655268062945668639e+00 2.705547369017907933e+00
9.546557914958599511e+00 2.731439846146310302e+00 2.774048785212788637e+00
9.732055452713725074e+00 2.737187028090664054e+00 2.767791728230303061e+00
8.570871421018797065e+00 2.752142992211580097e+00 2.760867592554087757e+00
9.291308188066516038e+00 2.802922936190367142e+00 2.806397711662364625e+00
9.941152949081237367e+00 2.750592966784517479e+00 2.775696070793218340e+00
1.008379269467044104e+01 2.782654431823905483e+00 2.803345502190452976e+00
8.668207318635962721e+00 2.748275826467091232e+00 2.752375826536285430e+00
1.099589503555475822e+01 2.772916056129687501e+00 2.805484709284715272e+00
7.456978982535503953e+00 2.646010357564214655e+00 2.639477125514463118e+00
1.085659686696323689e+01 2.818539188268184503e+00 2.809492387288547555e+00
8.430957400844798499e+00 2.728318115430373059e+00 2.697792448697591716e+00
9.571214585730420055e+00 2.756204407852870908e+00 2.748258310839048146e+00
9.901569237754523911e+00 2.760679129653933028e+00 2.757512626204364992e+00
9.901569237754523911e+00 2.760679129653933028e+00 2.757512626204364992e+00
8.745166219896500337e+00 2.694133478377003232e+00 2.686207904953321179e+00
8.566876099562941604e+00 2.769450276053448068e+00 2.732810294758110992e+00
9.882938777397772157e+00 2.810710432148319615e+00 2.797590813083982386e+00
9.413375459344528906e+00 2.800202163340602013e+00 2.782460085236706515e+00
9.124827746647534710e+00 2.708930353188548246e+00 2.724396358281749642e+00
9.124827746647534710e+00 2.708930353188548246e+00 2.724396358281749642e+00
8.610926045711527976e+00 2.778546929132314602e+00 2.770640361344322677e+00
1.196476564196031056e+01 2.771232325435387445e+00 2.815485605630927868e+00
1.040377947613716358e+01 2.708138937998941564e+00 2.747249059439609731e+00
9.030233349332563719e+00 2.799716028666260570e+00 2.805072540215291621e+00
9.688711775049592134e+00 2.709399320472326789e+00 2.785997897183258853e+00
9.688711775049592134e+00 2.709399320472326789e+00 2.785997897183258853e+00
8.001270696125160953e+00 2.641376875406506564e+00 2.688510836666029746e+00
9.592256726991648108e+00 2.746108042351540934e+00 2.805807397190008601e+00
8.184914679571440033e+00 2.696163524436804071e+00 2.733817321155952662e+00
1.017257046949639232e+01 2.783944741320179439e+00 2.831476428453506333e+00
8.038755172676738781e+00 2.648359206731030202e+00 2.697199752787182714e+00
1.054661025498561244e+01 2.779725588078627574e+00 2.843946716694679022e+00
9.167095197370056070e+00 2.713845675721863859e+00 2.770908037020046066e+00
8.638147372316735684e+00 2.739674361164289085e+00 2.785243021128892327e+00
9.573400440160829916e+00 2.719717500687813594e+00 2.784687447257551351e+00
8.907615581598935961e+00 2.729160242544730330e+00 2.783785635880682285e+00
8.906649151550968924e+00 2.699589900305923607e+00 2.755324345148948417e+00
8.899374568825516363e+00 2.708789904150374461e+00 2.763174786404366312e+00
8.813125174221605462e+00 2.718956521753565170e+00 2.769284898235056858e+00
9.853001121143186936e+00 2.710121221840709360e+00 2.788862508692706133e+00
9.028595504279250505e+00 2.693253776475339922e+00 2.758956330725833350e+00
9.134102352024553895e+00 2.762224219785765822e+00 2.813759771496429973e+00
8.337334522049694385e+00 2.787175004844772097e+00 2.811596211891097319e+00
8.969578883776879508e+00 2.676351835053120354e+00 2.745540068595983207e+00
1.066009652494047621e+01 2.779338346933773352e+00 2.857961920154800772e+00
8.886249989497047252e+00 2.730433279179222072e+00 2.789364912542946495e+00
9.426192075663589520e+00 2.697123633160857903e+00 2.770719076833166650e+00
1.079906181716921587e+01 2.812785687661427669e+00 2.876744285850604488e+00
7.853761198232739993e+00 2.684793848312676090e+00 2.724322128838524648e+00
1.119822561076105494e+01 2.789743534202509423e+00 2.859638496496083704e+00
6.773800635513035573e+00 2.609042148434188579e+00 2.608037985270393655e+00
1.093265168856836134e+01 2.784064479515336199e+00 2.809857975183948753e+00
1.093265168856836134e+01 2.784064479515336199e+00 2.809857975183948753e+00
8.797454888376394777e+00 2.669624166896828577e+00 2.696849697265712997e+00
8.744944997228179417e+00 2.689064489983544970e+00 2.721749995743662165e+00
9.830511710908364620e+00 2.776092518320067093e+00 2.809602622211407663e+00
9.073087295621357740e+00 2.708062957581327534e+00 2.749189152949661707e+00
8.618798756207308287e+00 2.727603302703259569e+00 2.769305057565095929e+00
8.618798756207308287e+00 2.727603302703259569e+00 2.769305057565095929e+00
9.595970474596573041e+00 2.689650480704085300e+00 2.753284521633713400e+00
8.317726467946412683e+00 2.717409142230013508e+00 2.739131819324341688e+00
9.914070142990476953e+00 2.746964797837410543e+00 2.785746773737853843e+00
8.732019473172758950e+00 2.722074277200686065e+00 2.746013350609606274e+00
1.081647436896819592e+01 2.790201662418152040e+00 2.831919615045697558e+00
7.552050692820509781e+00 2.654064492832231448e+00 2.676532952051698722e+00
7.552050692820509781e+00 2.654064492832231448e+00 2.676532952051698722e+00
1.004417511599224433e+01 2.729490613331874815e+00 2.783816665480562946e+00
9.874127291446804122e+00 2.733332009279452190e+00 2.787057712617137639e+00
9.196551635183119799e+00 2.772549364202657518e+00 2.809214321201646936e+00
1.091622379198353165e+01 2.750759568817604972e+00 2.812561747325598827e+00
9.030087109108368537e+00 2.666609697992161188e+00 2.718138891012503500e+00
9.672874729739877608e+00 2.739386371676900467e+00 2.775857316688821186e+00
9.757210761214189176e+00 2.789708964445753114e+00 2.816788720180311234e+00
8.584321417408464328e+00 2.720793381816732914e+00 2.740418242224699430e+00
1.072751048167882537e+01 2.691509732445786618e+00 2.761372646606019554e+00
8.740823597348700957e+00 2.748892657371631465e+00 2.776675962430309230e+00
8.751366728672907769e+00 2.727912304455546444e+00 2.756422260896176368e+00
9.824036460301755369e+00 2.793708692037617514e+00 2.819193017139721480e+00
9.118760973425374061e+00 2.718787360083683602e+00 2.747676717101015242e+00
8.674093678906830363e+00 2.633599281683937754e+00 2.677076827337675269e+00
8.837174067224969676e+00 2.720775498225922906e+00 2.714008706033023355e+00
9.430504937555275191e+00 2.765264296964267565e+00 2.743359523852221482e+00
8.951110817702318201e+00 2.728352479541363174e+00 2.704632490604050421e+00
8.706924084992563095e+00 2.741358394158120770e+00 2.697976399892158206e+00
9.111214184850544129e+00 2.683549142897548201e+00 2.664199019991201567e+00
1.057541094100848511e+01 2.792975688589468319e+00 2.770518298663994905e+00
1.057541094100848511e+01 2.792975688589468319e+00 2.770518298663994905e+00
8.115420055605801153e+00 2.683898523106264644e+00 2.647018053708897867e+00
9.925811779291640491e+00 2.740159119447994840e+00 2.719136852802251259e+00
7.886627345596551208e+00 2.700482535423401220e+00 2.671026336386366662e+00
9.665854858474048683e+00 2.746168857757383730e+00 2.749018662633491594e+00
9.406898268492485116e+00 2.783958791560432910e+00 2.778802826053954345e+00
1.100768258343881278e+01 2.781996508534668511e+00 2.799614154002639577e+00
7.593144617556701448e+00 2.700588000701452440e+00 2.666488637376953186e+00
1.001603884861943961e+01 2.782998352700991607e+00 2.779268525409542612e+00
9.940255072333265218e+00 2.764335542890427710e+00 2.764281436055304741e+00
8.644968802293970356e+00 2.741783157895004042e+00 2.722482024684158119e+00
8.644968802293970356e+00 2.741783157895004042e+00 2.722482024684158119e+00
9.418652226570335628e+00 2.773555182123490059e+00 2.770908001240055540e+00
8.892204520659484857e+00 2.740851295287128231e+00 2.739510232308984605e+00
8.878497644267477895e+00 2.747982406730397287e+00 2.745959746260516088e+00
8.386981074365957411e+00 2.735434143905732807e+00 2.719659358104590474e+00
1.060080712579704887e+01 2.801648479868242614e+00 2.800566164871115760e+00
7.541702501668151370e+00 2.689593232396799038e+00 2.648917688430553863e+00
9.919556223114375015e+00 2.723744496313522667e+00 2.713141855741630692e+00
8.625225702250110871e+00 2.712428812358570696e+00 2.698583143403755713e+00
9.244987007626173536e+00 2.787510060220290686e+00 2.768017276478428990e+00
9.482031318958869193e+00 2.738365467211306914e+00 2.720417791519164297e+00
9.300173103302137534e+00 2.742857029194927687e+00 2.716839226145790764e+00
8.492119219608229130e+00 2.722620531015996104e+00 2.699540852598453000e+00
1.107373466489502079e+01 2.838150256122824011e+00 2.837721518540564869e+00
7.562691995462800243e+00 2.723679254858371923e+00 2.685040420667424321e+00
9.910509787404055970e+00 2.751671474324991262e+00 2.746638675662787854e+00
8.093280143795064774e+00 2.710221420333688069e+00 2.685746262083335445e+00
1.087923305674587660e+01 2.860720745343515947e+00 2.847489051822996942e+00
9.251660419551566150e+00 2.786756885033699671e+00 2.765777102326586689e+00
9.127927667444582838e+00 2.783191995553927267e+00 2.760165623883043651e+00
8.520095971912473587e+00 2.708931181429670598e+00 2.685557599811682294e+00
9.325251973874783218e+00 2.751740409443612645e+00 2.682501334245532387e+00
9.503123793379900874e+00 2.772654311897743362e+00 2.718378375440823280e+00
7.834480156297622955e+00 2.729129919273765026e+00 2.645906770868819091e+00
9.989668813227890354e+00 2.787065541325792317e+00 2.690746535669486406e+00
7.967111203572260436e+00 2.802925702244449369e+00 2.676421097863486587e+00
1.015068632922762504e+01 2.845026880826189597e+00 2.744631905504883562e+00
8.715816965158788676e+00 2.737535345286090660e+00 2.651990450901680951e+00
1.047424742920624574e+01 2.747432560610848729e+00 2.657772196720865399e+00
9.863980935417764329e+00 2.805504746729330368e+00 2.705283624267956988e+00
7.893016547518604042e+00 2.771720219876375069e+00 2.642948088599458067e+00
9.951111466550296214e+00 2.789377452814609804e+00 2.668416087413445936e+00
8.865960620989827845e+00 2.786545298376353674e+00 2.643285339699477099e+00
9.423194303679272466e+00 2.815594320392236671e+00 2.679135071604332730e+00
8.559831875613616248e+00 2.797706731559832516e+00 2.647256087284884707e+00
9.586115867125437617e+00 2.814029591533273589e+00 2.679590799425063619e+00
9.047398459229462730e+00 2.797939120495020138e+00 2.667210931312191224e+00
8.603727225926160571e+00 2.717491041521345352e+00 2.603153371901856250e+00
9.364603156849559795e+00 2.765591755027668963e+00 2.655186720104527165e+00
9.433108744965135628e+00 2.783137154434462079e+00 2.658314848866631941e+00
9.697585475881327355e+00 2.797791868401394044e+00 2.663771112074860170e+00
8.031714710179331362e+00 2.821809250119382995e+00 2.662144409318037752e+00
1.013331197491840641e+01 2.777511596722078924e+00 2.665416437822984097e+00
8.451455302197869557e+00 2.786485504931901502e+00 2.641535201829440904e+00
1.017394099809454389e+01 2.860370023321406219e+00 2.722616373179327365e+00
9.431772704511514505e+00 2.775174582613316954e+00 2.656172662893432346e+00
9.070703807079189218e+00 2.683943281593408781e+00 2.600733455038114261e+00
9.390023843536299708e+00 2.790419325084525060e+00 2.683306444051427153e+00
9.012704250589495203e+00 2.829326730677065083e+00 2.709244033144877939e+00
8.562538908881570876e+00 2.796458503939117879e+00 2.673076864741598335e+00
1.025286398494305473e+01 2.778797444677007178e+00 2.684145385270985784e+00
8.204485869899880157e+00 2.752715744728650105e+00 2.638644373136674659e+00
9.811754340543679120e+00 2.828188999637859524e+00 2.731803248048890076e+00
8.098915857487572367e+00 2.774148511486545843e+00 2.659588005673798161e+00
9.203803425299634355e+00 2.769840219161570971e+00 2.688347548010090016e+00
9.206370033635309369e+00 2.821365721660704207e+00 2.729702917647983895e+00
1.019105314999781875e+01 2.822940007133408979e+00 2.745165400100332054e+00
1.008149782676046691e+01 2.795159004044980300e+00 2.724746838697876150e+00
1.060625583121739801e+01 2.846860308715696064e+00 2.774098130769536041e+00
8.252429625391485501e+00 2.759767499279064396e+00 2.662827372979468699e+00
1.095226794096142697e+01 2.851558731300114502e+00 2.774561748973057629e+00
9.522342401417574820e+00 2.775172139990705666e+00 2.693004437302827903e+00
7.863974576356690172e+00 2.752133710770045649e+00 2.642535971504525794e+00
9.983440134732850524e+00 2.817989296191502291e+00 2.730642936338936178e+00
9.983440134732850524e+00 2.817989296191502291e+00 2.730642936338936178e+00
1.060608044004588280e+01 2.803743590053075163e+00 2.728047979292091529e+00
8.653154071974489270e+00 2.837226582267019737e+00 2.710969048156857131e+00
9.317757980128396511e+00 2.784250951818433073e+00 2.677148873665368356e+00
8.623329044427066492e+00 2.854779210437410786e+00 2.715821131654132525e+00
1.002537341996156250e+01 2.890647155336368179e+00 2.765865189381971234e+00
8.462404445705116629e+00 2.809445751138503589e+00 2.676235930596986279e+00
8.822103302975500938e+00 2.808986586686010867e+00 2.672944490331947698e+00
8.750843469726726553e+00 2.750588265959211132e+00 2.627692598722670692e+00
1.083076730849991343e+01 2.913031133968415176e+00 2.791287241693027887e+00
8.978828433935014175e+00 2.751395150257092581e+00 2.630708283802614567e+00
9.307171106282879691e+00 2.784051309964872267e+00 2.665331812874828010e+00
9.093001678313253677e+00 2.776127519021497125e+00 2.653572658182244304e+00
9.092226971207468367e+00 2.761060616153754310e+00 2.640239209198361081e+00
1.003789204968096804e+01 2.839989376147511013e+00 2.715166174367548368e+00
1.184027187423299310e+01 2.820671455346773104e+00 2.712210050420200691e+00
1.021254575618825911e+01 2.805303658101680586e+00 2.674800200073086831e+00
9.692109476076195662e+00 2.819696213716288202e+00 2.670349995618038985e+00
9.692109476076195662e+00 2.819696213716288202e+00 2.670349995618038985e+00
8.468675802733203639e+00 2.821432145597718044e+00 2.685179282966644987e+00
1.016503504496250976e+01 2.797558866863275817e+00 2.677774089118018619e+00
9.271536726174261389e+00 2.771049840978501155e+00 2.634323390281112953e+00
1.035872588173171671e+01 2.805426779107800250e+00 2.673604335551797551e+00
8.485972124852581899e+00 2.812896424745274793e+00 2.666139722988933869e+00
1.091332393563113534e+01 2.826976029996120410e+00 2.716167432170351059e+00
8.555271499232143029e+00 2.788605124196161800e+00 2.650454106826741985e+00
9.198284066255814295e+00 2.793831112067295841e+00 2.660664595929559173e+00
8.801089152810378735e+00 2.765364435247038344e+00 2.642543059594419486e+00
1.061400758208106687e+01 2.855540108575693736e+00 2.741568491866451129e+00
8.274873217438544870e+00 2.734743223352127828e+00 2.622843282584240043e+00
9.771430129672548759e+00 2.826645268413176204e+00 2.725223022272268203e+00
8.497397116630491354e+00 2.754207642952427371e+00 2.637665933600163104e+00
8.497397116630491354e+00 2.754207642952427371e+00 2.637665933600163104e+00
9.658406200412535725e+00 2.794156282882421127e+00 2.711551089336244225e+00
1.017495873783219906e+01 2.824100918843133634e+00 2.754993963423785885e+00
8.030525785897749458e+00 2.746575555013508918e+00 2.659841280198310454e+00
1.018620710121080641e+01 2.816864598607284442e+00 2.784035102848470000e+00
8.644757737354289873e+00 2.671676251342911090e+00 2.653916703519752396e+00
9.741478852577921899e+00 2.741612036816110987e+00 2.760125976396056391e+00
8.065055106677535335e+00 2.721317229877241672e+00 2.710547813139857709e+00
9.682589007155630867e+00 2.751371097472724347e+00 2.737295673128453011e+00
1.056762407923941893e+01 2.811119509390342053e+00 2.796500405825494529e+00
8.875580390801014019e+00 2.792887899397650919e+00 2.756099338629764084e+00
1.075983946386501522e+01 2.721194846179481264e+00 2.719967771399394163e+00
9.068687384294614517e+00 2.748857801564337677e+00 2.692045660943526375e+00
8.812904092739477946e+00 2.786334598504055293e+00 2.721642381977382286e+00
9.933202450185138588e+00 2.865632434103973392e+00 2.802927031333442009e+00
9.864369804116865481e+00 2.825411933458976232e+00 2.768993683847988052e+00
8.922787764422446699e+00 2.750846009414334326e+00 2.690248231808459511e+00
9.054856446916112134e+00 2.779701180207907463e+00 2.717218605952279820e+00
9.054856446916112134e+00 2.779701180207907463e+00 2.717218605952279820e+00
8.330529476287278356e+00 2.732340166966932937e+00 2.665209963364226997e+00
9.248476736552213140e+00 2.771635300518333622e+00 2.692626838044181348e+00
8.920998851759339487e+00 2.752453993665367804e+00 2.675487412368062312e+00
9.360615122986676084e+00 2.814384524942462384e+00 2.736970101424111679e+00
8.779933544575939663e+00 2.784604034877133039e+00 2.706501117047499072e+00
1.007658520155261428e+01 2.816331115298671861e+00 2.750963555844083697e+00
8.879428199467014338e+00 2.805854727122699455e+00 2.725628469449872693e+00
9.274684185870320619e+00 2.743432241072246480e+00 2.685325485915075028e+00
9.996460275289821951e+00 2.867476816070255730e+00 2.787685338358384168e+00
9.257402214430149101e+00 2.790026224320657278e+00 2.711830544787266817e+00
9.465126984564916413e+00 2.822050180926838792e+00 2.740746012392990316e+00
1.104229811800762562e+01 2.788836814307823264e+00 2.735659437273946448e+00
8.641522133143348938e+00 2.760968979394744505e+00 2.681147816514672044e+00
8.641522133143348938e+00 2.760968979394744505e+00 2.681147816514672044e+00
8.998306236422225268e+00 2.746728141184620942e+00 2.677361382250323718e+00
8.376804197349352776e+00 2.729443324547367489e+00 2.632616565815309340e+00
8.823951988637347199e+00 2.738340361757340524e+00 2.630240184204589493e+00
9.178062569262509740e+00 2.808842880486748683e+00 2.691028155072535899e+00
8.376555793380193293e+00 2.750049653419311291e+00 2.626029109952366269e+00
9.976924766015422108e+00 2.788576284200915634e+00 2.687655040817315211e+00
8.499367275546889644e+00 2.727859687424659008e+00 2.611301689491710487e+00
8.653305804323551342e+00 2.801946032650706631e+00 2.653434074366355588e+00
1.123320838906878194e+01 2.872842188862933188e+00 2.745596081454729553e+00
7.486833959356846258e+00 2.699427748591352039e+00 2.542625868898799713e+00
9.942840322306807366e+00 2.754067477505663053e+00 2.651517562821865681e+00
8.662551824045163329e+00 2.809244040526846398e+00 2.679499018247391451e+00
9.569936470751462920e+00 2.753135852697832675e+00 2.653475124430625609e+00
8.485696579615781943e+00 2.779351773207348053e+00 2.673318711668313252e+00
1.053858714475304481e+01 2.793589064503867458e+00 2.712880740846274730e+00
9.440606001807759995e+00 2.804626513558793999e+00 2.702719012228105733e+00
8.302145542729997274e+00 2.736043466911532107e+00 2.619097679414563284e+00
9.194361165649471701e+00 2.819080691358998969e+00 2.707682254536481814e+00
1.082873146017481325e+01 2.840369263066108374e+00 2.746359087979374447e+00
7.065291542298307803e+00 2.749918412162022374e+00 2.622547346239509025e+00
7.065291542298307803e+00 2.749918412162022374e+00 2.622547346239509025e+00
1.076525124713715975e+01 2.871862023083385118e+00 2.782269689962346693e+00
8.912851791450712824e+00 2.716900381100757489e+00 2.653504122805628196e+00
8.828607530514693380e+00 2.735406357154622992e+00 2.698997109499864155e+00
8.828607530514693380e+00 2.735406357154622992e+00 2.698997109499864155e+00
1.024571688442273043e+01 2.772701511010090769e+00 2.751764737799160532e+00
8.293825578053445113e+00 2.785860357771231754e+00 2.732550346716932310e+00
9.232352228836825603e+00 2.802518029521355647e+00 2.763038008288170921e+00
8.158982344278427945e+00 2.740266407289032369e+00 2.694473379898389087e+00
9.547733163610104157e+00 2.813416295989445537e+00 2.774795048469501424e+00
8.637599839214045616e+00 2.779747189257712137e+00 2.727972746792565406e+00
9.917379745629949284e+00 2.818886558098279149e+00 2.776525913494158448e+00
8.485025919135896544e+00 2.744926471521833999e+00 2.692378389907004621e+00
1.141651058438712951e+01 2.793656094634080933e+00 2.766808266155178941e+00
9.576968627933656109e+00 2.726593831656779265e+00 2.691843187748939936e+00
8.147262361965974975e+00 2.752164755919860983e+00 2.684091646840744971e+00
9.950194658364381439e+00 2.837887444043350360e+00 2.790575748880252061e+00
7.651126669759847232e+00 2.693381660875157735e+00 2.648489684767127539e+00
1.105009695256918256e+01 2.828460288493828578e+00 2.818166809644128801e+00
7.301489655960879510e+00 2.631295973389111253e+00 2.607897199993686410e+00
1.057406375011172095e+01 2.725170016629649528e+00 2.767612616791074842e+00
1.103028150337836877e+01 2.769363457037472998e+00 2.830255523797291062e+00
6.745021278916501828e+00 2.648415171567065407e+00 2.643562481847830714e+00
6.745021278916501828e+00 2.648415171567065407e+00 2.643562481847830714e+00
1.159978667132019758e+01 2.750796385975510905e+00 2.806660054167183116e+00
7.609318232952672290e+00 2.637878631387578388e+00 2.648225486425722863e+00
1.072536577599931285e+01 2.806452713866891102e+00 2.793801048339605853e+00
9.039250610992842994e+00 2.809499465677673946e+00 2.777330897040682256e+00
1.078609723394070485e+01 2.735408746586307505e+00 2.748581303437153789e+00
7.891678258789289302e+00 2.753377304309496676e+00 2.711305462198381200e+00
1.001153981771081014e+01 2.767890642027591497e+00 2.760882890502353693e+00
9.146349841829879423e+00 2.733822184905750241e+00 2.717752447811543348e+00
9.571741476582197095e+00 2.759623457087260423e+00 2.747424159252493059e+00
8.237767022102483239e+00 2.702142500304834272e+00 2.680098111878566502e+00
1.072633390241517759e+01 2.783081126489252988e+00 2.784488654992629542e+00
7.395682954782246910e+00 2.673568743541865800e+00 2.639718383047560568e+00
1.065768029222557267e+01 2.798249026141996776e+00 2.797787820810945458e+00
1.065768029222557267e+01 2.798249026141996776e+00 2.797787820810945458e+00
7.508122999274258191e+00 2.644350059752842874e+00 2.607289217708850693e+00
7.508122999274258191e+00 2.644350059752842874e+00 2.607289217708850693e+00
1.114725857583225732e+01 2.839761399131754960e+00 2.820775920631427791e+00
8.632185940469339513e+00 2.779362338611153671e+00 2.735435732975780798e+00
9.458178230492528371e+00 2.729353292898750283e+00 2.723563908265945965e+00
9.593475260272064986e+00 2.694387089583023531e+00 2.696432707592143263e+00
1.056374469935536098e+01 2.754770573660563215e+00 2.758551883921330994e+00
7.196041108146511434e+00 2.642047210909147292e+00 2.588879005708537573e+00
1.102098833836672576e+01 2.916432181319627670e+00 2.868103776271594629e+00
9.390336251810591506e+00 2.724480478015530061e+00 2.692387226544612489e+00
8.191808399829820786e+00 2.705557333342625714e+00 2.643456930032280550e+00
8.986781177744719074e+00 2.747130156218759556e+00 2.696490946893432383e+00
1.020577532446870173e+01 2.796124910877618053e+00 2.748083090505127668e+00
1.293331380932967889e+01 2.837723935072408832e+00 2.817944687608971321e+00
6.240052457987427026e+00 2.695395310851617765e+00 2.589403502285966052e+00
1.207545569644078753e+01 2.869756631938482183e+00 2.829163978383859579e+00
8.021532903933019654e+00 2.749258996041537007e+00 2.674422222774531122e+00
9.756975579594399761e+00 2.837910272894315522e+00 2.772381655166043846e+00
9.756975579594399761e+00 2.837910272894315522e+00 2.772381655166043846e+00
8.871253569255410198e+00 2.749091585855317543e+00 2.688397969964410716e+00
9.788326586637989379e+00 2.813806844500053916e+00 2.752673093732756371e+00
9.788326586637989379e+00 2.813806844500053916e+00 2.752673093732756371e+00
8.108880895435639502e+00 2.722880397476576508e+00 2.657948651836470333e+00
9.912232833988396052e+00 2.808946339053960184e+00 2.757374445169258781e+00
8.385821886033394179e+00 2.671295622057460850e+00 2.637250683390194528e+00
9.298110841838543195e+00 2.762637204345747222e+00 2.714756147260815489e+00
8.665431602935704802e+00 2.850086051334281390e+00 2.772362696136249749e+00
8.993072339940423987e+00 2.697420579992293455e+00 2.656923630280955795e+00
9.246717795137277207e+00 2.725778068950261535e+00 2.690905971460197055e+00
9.246717795137277207e+00 2.725778068950261535e+00 2.690905971460197055e+00
9.246717795137277207e+00 2.725778068950261535e+00 2.690905971460196611e+00
8.197229870981875166e+00 2.766520470814858967e+00 2.706781095528377978e+00
1.072742707557613961e+01 2.831018536806699348e+00 2.797418023817887622e+00
8.256598520632630667e+00 2.649050847115103302e+00 2.624503465379288247e+00
9.444623877420067259e+00 2.772601019125116473e+00 2.761801638500703149e+00
8.285434025832909555e+00 2.804764558361970472e+00 2.761113854709142945e+00
8.285434025832909555e+00 2.804764558361970472e+00 2.761113854709142945e+00
1.009333648293158348e+01 2.766756439046639926e+00 2.746980228233200982e+00
8.368595435248904479e+00 2.656103795168277770e+00 2.659685151062018083e+00
9.982426375044722633e+00 2.801928309500921532e+00 2.779444744452078453e+00
9.074593572339411551e+00 2.724909624356952165e+00 2.713574322362751534e+00
9.348749731399145446e+00 2.732709608748448371e+00 2.721003870652119794e+00
8.120914250409855484e+00 2.723986483971444716e+00 2.700040036202773219e+00
9.305601596589896829e+00 2.767091198900611726e+00 2.758777717777193050e+00
8.766883312215965063e+00 2.690122599771101353e+00 2.700585233968359589e+00
1.070651849021019153e+01 2.778776916301042732e+00 2.820865479106986928e+00
8.315739799545362132e+00 2.630107740139320249e+00 2.675230727498700833e+00
1.000822328270539607e+01 2.720514133996767558e+00 2.753569291595048263e+00
7.837314139611395447e+00 2.696039196422456374e+00 2.710288905776707669e+00
9.776542398757085195e+00 2.713487191351493077e+00 2.771857461017250834e+00
8.135703000242422434e+00 2.634857845421073819e+00 2.680579596109968765e+00
9.428749022661877532e+00 2.747156199923129982e+00 2.788960960739091721e+00
8.240336648852236934e+00 2.722963714025325110e+00 2.747251309636799643e+00
9.635843844063952446e+00 2.750754012227207834e+00 2.799755241694040109e+00
8.382425369630324141e+00 2.761248411248365286e+00 2.783449650120376262e+00
9.938056550579551285e+00 2.742774063474552104e+00 2.807441702297733599e+00
8.496756351890365266e+00 2.667530505562179854e+00 2.720265796133694902e+00
1.044202719181883943e+01 2.778274240263907124e+00 2.835981341645868792e+00
8.189329024825381609e+00 2.591484589593424204e+00 2.674816861142355950e+00
1.108574951551239707e+01 2.796971185998785803e+00 2.894914362790686368e+00
9.407387228770906162e+00 2.675884390639281296e+00 2.792981420343630283e+00
9.498903601700442678e+00 2.718787704143599715e+00 2.824847639512183761e+00
8.823250324087689833e+00 2.751846007223170520e+00 2.835631420789215706e+00
8.727820449427193594e+00 2.735663452484010438e+00 2.824605071389733713e+00
9.015720570991451410e+00 2.720966021708293159e+00 2.831878624757613316e+00
8.827351162531163808e+00 2.694462458507522751e+00 2.823565011168597927e+00
8.516830142791381064e+00 2.672268781262521209e+00 2.813158348269007014e+00
9.976714914737700113e+00 2.686523025028958678e+00 2.853115653264163054e+00
9.607054578219225149e+00 2.725696970008492759e+00 2.877567759219003207e+00
1.108937431122586936e+01 2.735213779731746175e+00 2.907264815232083688e+00
1.108937431122586936e+01 2.735213779731746175e+00 2.907264815232083688e+00
1.012249503852938304e+01 2.696279262913899188e+00 2.863765978894309061e+00
9.662731613527929753e+00 2.703894388357112710e+00 2.859570358225797637e+00
1.115498705822482073e+01 2.751486769773610508e+00 2.924107403955546580e+00
7.069185093510781392e+00 2.618847590999895836e+00 2.730091735076626058e+00
7.069185093510781392e+00 2.618847590999895836e+00 2.730091735076626058e+00
1.109870672249567569e+01 2.680149915353972734e+00 2.840300158217825111e+00
8.615585896284359890e+00 2.726497916830536994e+00 2.813468084269258096e+00
9.396423389746844990e+00 2.649291406386678815e+00 2.761513473848558498e+00
8.460646855699833324e+00 2.653398511709316399e+00 2.754732581692214133e+00
1.024728162280747945e+01 2.705619336956000875e+00 2.824886481326807086e+00
8.493290786448797647e+00 2.736725467444828475e+00 2.825786440475078987e+00
1.136968549906925219e+01 2.722455834882790526e+00 2.873385699945191440e+00
9.210472397158271818e+00 2.700691314073684346e+00 2.819981440191824174e+00
7.986435894320787376e+00 2.702150925670752546e+00 2.774631914857368820e+00
9.937740345252993990e+00 2.705291734852466767e+00 2.809236358276899548e+00
1.097573090659035344e+01 2.671359326295420722e+00 2.814878531300387010e+00
1.135002314992518890e+01 2.794833054173055054e+00 2.905142756539910387e+00
1.140398048501254280e+01 2.823828493444350940e+00 2.929090251296738501e+00
8.932524540302711813e+00 2.674267354694667809e+00 2.777751382553812487e+00
8.455154434699426957e+00 2.703961194615500219e+00 2.786299592910980838e+00
1.070310702387812007e+01 2.737888200664606142e+00 2.849618382981833342e+00
7.809660917308095307e+00 2.699179212811321449e+00 2.767174642962658471e+00
1.096690346695614870e+01 2.791579787837415338e+00 2.897003302770112754e+00
9.075534565691183886e+00 2.745836091201212081e+00 2.830879187856405022e+00
9.324066381660227165e+00 2.710796531815780952e+00 2.809794606354879765e+00
9.324066381660227165e+00 2.710796531815780952e+00 2.809794606354879765e+00
8.412602996482686279e+00 2.702753985419302118e+00 2.780524354420223609e+00
8.902092717547258616e+00 2.656893268280059228e+00 2.745394625171935221e+00
1.117578754630528692e+01 2.781829442154785337e+00 2.871450420265910353e+00
9.133712179861301905e+00 2.685436921815457900e+00 2.770968125109269931e+00
1.021404517024276970e+01 2.736605557189932814e+00 2.831604103445735543e+00
8.787462978385532253e+00 2.653502230849897892e+00 2.731850348098517234e+00
8.787462978385532253e+00 2.653502230849897892e+00 2.731850348098517234e+00
9.279042789561849247e+00 2.673759240123555259e+00 2.747002465273255201e+00
8.629150310260991219e+00 2.696243345941327085e+00 2.749604697935238651e+00
9.405335332135514648e+00 2.747191669806157144e+00 2.800125738622858851e+00
8.637875086652437417e+00 2.689514559582544706e+00 2.739413170389301655e+00
8.637875086652437417e+00 2.689514559582544706e+00 2.739413170389301655e+00
9.476396211080011511e+00 2.762338968059034450e+00 2.820339734119615471e+00
8.242887068641566728e+00 2.691301922698165594e+00 2.747855776970547836e+00
1.020270384819323439e+01 2.771028731096214504e+00 2.841632128235400678e+00
8.332293113575930832e+00 2.611473584496039280e+00 2.693289003138584992e+00
9.766790344700810422e+00 2.673417352251124424e+00 2.753212640322514559e+00
7.776464172783606799e+00 2.649352289217033363e+00 2.699321622882336236e+00
1.173196371819493677e+01 2.736475043403460816e+00 2.836918497376904380e+00
7.251169327253634833e+00 2.595236090054630740e+00 2.658929988975250680e+00
1.160856803234939427e+01 2.792163793322830045e+00 2.889570607946079228e+00
8.813090030122516794e+00 2.750586359725999852e+00 2.812884411504081417e+00
9.080420713799208343e+00 2.677803154215543380e+00 2.748609606697713925e+00
9.026538078238528939e+00 2.683035195764382763e+00 2.758566514119578095e+00
9.150623224177524051e+00 2.702901738996440262e+00 2.772612232544903854e+00
1.072553128671224876e+01 2.782723006513331931e+00 2.861246747376472666e+00
1.072553128671224876e+01 2.782723006513331931e+00 2.861246747376472666e+00
9.296540334530051908e+00 2.721408929719232095e+00 2.791249849372651415e+00
8.137613586581741387e+00 2.665982392222157049e+00 2.718339067682040699e+00
9.717812801069579010e+00 2.740523204755201281e+00 2.803189001800545643e+00
8.617394979037259262e+00 2.736741570500968113e+00 2.783427835846528975e+00
8.743990643859099521e+00 2.701457461670774052e+00 2.771483155912369156e+00
8.801288796119921543e+00 2.663730462926896081e+00 2.741255021459917174e+00
8.651756986631093937e+00 2.692921977494939778e+00 2.761620184933702316e+00
1.118430450226123440e+01 2.850037752395639945e+00 2.923753124779530754e+00
8.335155644813255549e+00 2.743339282807462087e+00 2.792539313375565602e+00
9.131120755162370983e+00 2.705033889006593917e+00 2.770836965654807305e+00
1.123320123089524536e+01 2.749383189457456744e+00 2.829034016525597384e+00
8.579001842648029452e+00 2.700782770018487877e+00 2.754461502981805587e+00
1.010644712349597008e+01 2.699993322012789854e+00 2.779296081310707933e+00
9.482421060876687235e+00 2.700939048910148355e+00 2.785447543449901531e+00
9.271337448983960172e+00 2.716376431179605699e+00 2.784649371594036804e+00
1.022064417846610418e+01 2.791711291849973797e+00 2.862299555512076488e+00
8.759150950460618645e+00 2.670656591770089960e+00 2.746206243670068048e+00
8.420386420617283818e+00 2.672331182905746783e+00 2.754332270526344217e+00
1.235832902155102175e+01 2.787493471324474559e+00 2.907047926838315810e+00
8.548890918607847667e+00 2.691973036495874716e+00 2.775490722902930862e+00
8.684617016564649461e+00 2.719127642370402498e+00 2.809706072389920983e+00
8.768978598293475812e+00 2.695575156977052966e+00 2.792894824402059051e+00
8.830224216238194757e+00 2.655286557548168336e+00 2.764776960429947916e+00
9.717390019655095301e+00 2.712882828461065987e+00 2.837374039902655465e+00
1.038697241420886286e+01 2.713133298168112439e+00 2.844874052499732908e+00
8.478465780951673025e+00 2.662704186518282334e+00 2.749642391218364068e+00
1.031586731279511504e+01 2.724362791551008467e+00 2.824334615679856775e+00
1.000116598641685073e+01 2.683955102558397421e+00 2.783639640372647328e+00
1.000116598641685073e+01 2.683955102558397421e+00 2.783639640372647328e+00
8.757881294591300048e+00 2.580672149857249131e+00 2.710459097606797041e+00
9.086648360941980584e+00 2.658504868749253625e+00 2.758685685872967142e+00
8.416618123005925156e+00 2.683221104326691364e+00 2.761111000903676782e+00
9.783566921118639570e+00 2.710842063571103022e+00 2.819492727762773487e+00
8.383602512579313881e+00 2.706318933324955989e+00 2.795738976281510801e+00
1.005785136151872550e+01 2.698721952803567525e+00 2.826906045706330861e+00
1.005785136151872550e+01 2.698721952803567525e+00 2.826906045706330861e+00
7.971004618943379860e+00 2.656558594421181585e+00 2.766076256374055298e+00
1.017667196128170559e+01 2.738576144350509001e+00 2.863942594107849793e+00
8.613234654758805675e+00 2.673980389525618229e+00 2.789352482532439836e+00
8.613234654758805675e+00 2.673980389525618229e+00 2.789352482532439836e+00
1.069642060435380770e+01 2.737940509566925140e+00 2.861402103140403330e+00
8.474067224569331813e+00 2.668386283773774625e+00 2.764916946397209419e+00
8.474067224569331813e+00 2.668386283773774625e+00 2.764916946397209419e+00
8.645787478812485105e+00 2.701861232308213623e+00 2.781178408423108372e+00
1.015500010807438791e+01 2.717122894928153176e+00 2.823619878860908816e+00
9.766728514488873358e+00 2.680180025465294769e+00 2.792008648307943819e+00
9.015077408405431925e+00 2.703768066375028756e+00 2.795102155999708682e+00
8.975149843550635609e+00 2.637999632763892599e+00 2.757993349224276969e+00
1.098201440857554978e+01 2.681464886256521574e+00 2.822344820735840809e+00
9.885534711016063625e+00 2.698285896461155797e+00 2.813893931699895212e+00
8.718659553292772202e+00 2.754723755912468430e+00 2.840370612111183579e+00
9.480231788234911861e+00 2.736499400337784049e+00 2.833062797441908920e+00
8.448353677794868233e+00 2.659903695269195012e+00 2.753738382308058785e+00
9.447034863418160455e+00 2.705821846375136008e+00 2.802795283859671915e+00
9.074971633949321159e+00 2.692861258719548179e+00 2.789934845785565720e+00
9.074971633949321159e+00 2.692861258719548179e+00 2.789934845785565720e+00
9.000662078763356888e+00 2.709255149090995740e+00 2.801674027879837769e+00
1.014912317874986591e+01 2.716452642157344943e+00 2.829723924129872170e+00
9.655542149034163302e+00 2.715153589400061129e+00 2.817401955922487211e+00
8.825107830573859502e+00 2.678917445734426472e+00 2.765064141725903646e+00
9.611295935317455630e+00 2.698688461092188628e+00 2.804372362968171828e+00
1.021315592467765399e+01 2.720035729812513736e+00 2.825862590099098348e+00
8.921221418362582867e+00 2.752504938316683969e+00 2.829569541248262432e+00
9.986264053457343692e+00 2.739571208202740138e+00 2.828175936128265455e+00
9.315296118246832791e+00 2.767569535764022426e+00 2.837053095375885903e+00
8.340824630629445124e+00 2.691339301870389722e+00 2.762158364933841703e+00
1.149686482127953546e+01 2.801742919291971390e+00 2.899977891103866945e+00
7.289467444668702889e+00 2.621019050257991534e+00 2.687218561234621106e+00
1.028447833784547427e+01 2.695623271150611178e+00 2.821812665852717394e+00
9.713189555286177779e+00 2.713958260879158146e+00 2.840524899283828120e+00
1.088070274461806619e+01 2.750527180502984503e+00 2.890351553334260082e+00
7.988716026481778698e+00 2.636585188326422191e+00 2.753570030287530557e+00
1.051566072486621017e+01 2.712763811181439610e+00 2.855270989675854576e+00
1.124119410683005071e+01 2.747828762866277419e+00 2.885400206735618145e+00
9.368363910276217510e+00 2.725657662882179366e+00 2.856054011185353847e+00
1.029139914000347389e+01 2.756937060824221852e+00 2.890272127171531924e+00
9.230839825997540160e+00 2.690021357302823990e+00 2.811799581978227991e+00
1.160975626013760298e+01 2.749228949101917063e+00 2.878332414322846144e+00
8.989666240452573120e+00 2.675954166248991406e+00 2.772880184064975939e+00
9.438913121824606733e+00 2.649502453719936312e+00 2.755577346411977491e+00
8.189631391136410699e+00 2.694797263458868386e+00 2.763218419820301808e+00
9.583585998765396852e+00 2.746093661945919973e+00 2.830358228149175037e+00
9.026950835792467487e+00 2.675840104383790496e+00 2.769878906175432309e+00
9.026950835792467487e+00 2.675840104383790496e+00 2.769878906175432309e+00
9.693947181862897722e+00 2.695512847028582293e+00 2.800693369487466278e+00
9.693947181862897722e+00 2.695512847028582293e+00 2.800693369487466278e+00
8.621789675794175878e+00 2.719363524885729078e+00 2.794745693543505105e+00
9.498274352619919370e+00 2.660902901542756549e+00 2.765836934841200634e+00
9.441389882787607490e+00 2.680675369523386919e+00 2.786738528225078504e+00
8.675118835432487074e+00 2.685843180177400757e+00 2.797784026643843625e+00
1.064748419678595326e+01 2.733990629526489080e+00 2.864004140561823064e+00
7.288150919692311547e+00 2.592317676392315029e+00 2.689446582632883498e+00
1.134962888986427032e+01 2.818444455677391769e+00 2.937911931885543559e+00
7.403253020649264826e+00 2.667663683736232638e+00 2.750442799624307710e+00
1.240644563935017608e+01 2.746469913138469998e+00 2.912387109722790690e+00
9.135257542715626400e+00 2.694363553653264187e+00 2.825972660959904292e+00
8.412517463963299136e+00 2.638395965565645263e+00 2.757472242209538571e+00
1.073718578326718287e+01 2.685262194312380224e+00 2.847809374640399849e+00
7.743378449876349379e+00 2.680910123159841785e+00 2.785922914355409397e+00
1.083927267967683505e+01 2.755410700016035275e+00 2.900396212094157544e+00
7.907248502043612071e+00 2.654416890005681040e+00 2.771365703892873178e+00
9.389549184453073849e+00 2.638427578266533402e+00 2.774490491992311014e+00
1.037953063917195173e+01 2.733157097094089050e+00 2.869368272085104365e+00
8.358792961290179235e+00 2.662325971625431720e+00 2.775106876973368220e+00
9.489502332083842973e+00 2.751810506249563026e+00 2.865932897661888745e+00
9.489502332083842973e+00 2.751810506249563026e+00 2.865932897661888745e+00
9.397740143041824368e+00 2.722962597097649429e+00 2.843038411441465740e+00
1.068186754579170206e+01 2.696654743956675926e+00 2.854948384475443302e+00
7.538167435165536112e+00 2.622190865941378402e+00 2.736227060844921954e+00
1.028487821101182931e+01 2.719021119368981942e+00 2.862409463270409571e+00
7.981798431818899253e+00 2.655720256343952368e+00 2.770427657478607308e+00
9.324397774813188988e+00 2.696795798964179092e+00 2.833009824961114642e+00
9.024384541467838972e+00 2.647397341038356000e+00 2.796667660518337595e+00
1.069215725234177938e+01 2.750799251525753775e+00 2.897357404495798150e+00
8.278215940099151737e+00 2.688393409571693038e+00 2.799316387079494817e+00
9.792809320596230549e+00 2.750072178877660090e+00 2.879036564427878808e+00
8.987159560296749561e+00 2.694691882436491159e+00 2.823351204482484000e+00
1.083238085904731918e+01 2.732277143172743283e+00 2.885545144044547428e+00
9.367448095669743680e+00 2.636502880803385906e+00 2.794008306252773188e+00
8.638988236757768391e+00 2.611715623410585607e+00 2.754746102294821419e+00
9.150975400966038009e+00 2.626029801878098091e+00 2.748317882910167764e+00
9.408713631728947036e+00 2.674919214432633918e+00 2.798180747804236645e+00
8.600762076947225054e+00 2.639486827532291358e+00 2.740646994846276385e+00
9.336092309577407988e+00 2.796889798418710882e+00 2.863716112176738715e+00
8.508980223194084758e+00 2.656685977940083543e+00 2.737554142341935837e+00
9.263971371766571039e+00 2.703992028783103851e+00 2.783309357755626490e+00
8.393843726464703892e+00 2.654412682167990312e+00 2.719146158129346791e+00
1.063976344448718869e+01 2.792278174394625445e+00 2.862929410403645125e+00
1.101177911406056609e+01 2.706106348167424791e+00 2.812737401840907481e+00
7.732743481254998663e+00 2.691604387940362386e+00 2.742077100642530851e+00
9.879808484243953970e+00 2.695200523351338528e+00 2.765801911589370388e+00
8.771902965066093572e+00 2.685290973748659216e+00 2.733892620375107274e+00
8.771902965066093572e+00 2.685290973748659216e+00 2.733892620375107274e+00
9.053375819425426130e+00 2.773813807809018428e+00 2.801138731490084854e+00
1.033358599131921807e+01 2.712069399636600320e+00 2.766598869548972051e+00
7.717567549090848189e+00 2.705083548617480904e+00 2.711762781563401337e+00
1.047212758406938526e+01 2.828280050390313161e+00 2.861938952312617523e+00
8.651576864813703693e+00 2.679656386928901401e+00 2.719952769262066194e+00
9.184552127787059206e+00 2.800218187274231330e+00 2.820306894240137030e+00
8.883982383657425430e+00 2.780323518517710202e+00 2.798949820296175339e+00
9.308406610630518330e+00 2.752533766023590900e+00 2.785428321318874190e+00
8.504624793850169340e+00 2.745981758327744160e+00 2.771177552445871495e+00
9.226595912635355390e+00 2.746250281509929003e+00 2.783143469110345158e+00
8.400618720444647636e+00 2.713469815000136620e+00 2.744253308513177725e+00
8.792462071701331539e+00 2.724961620745554480e+00 2.757006982867581613e+00
8.885390051274740131e+00 2.712534263731054995e+00 2.761199933913775162e+00
8.927795726600834314e+00 2.679481511493238877e+00 2.739873408781895670e+00
8.927795726600834314e+00 2.679481511493238877e+00 2.739873408781895670e+00
9.165817704200639682e+00 2.698187264978139321e+00 2.759704381225188019e+00
9.106388139138113402e+00 2.704302573262287623e+00 2.757311154149745480e+00
9.298404978069880755e+00 2.719762068778520891e+00 2.767835993834415476e+00
9.132585310481154295e+00 2.721442449529619445e+00 2.763171345310210025e+00
8.776847397158340058e+00 2.693395683742040081e+00 2.729436494022574600e+00
8.839510147381625771e+00 2.760004322492299433e+00 2.798618539965915808e+00
8.951059561819397103e+00 2.773972606701872845e+00 2.796765929848711085e+00
8.834956209133787652e+00 2.672824697916451608e+00 2.685559605846453035e+00
1.060202059887256176e+01 2.762121318859918961e+00 2.790676358573406013e+00
1.086658951699829423e+01 2.782717897465587953e+00 2.814460444449644161e+00
9.904758154925140445e+00 2.751792925574745308e+00 2.782170570359784545e+00
9.505959154477878315e+00 2.740086927898983227e+00 2.756759870766078979e+00
1.017151176361430664e+01 2.719269254683430503e+00 2.751506649009522576e+00
8.379853441875340536e+00 2.709136040180507354e+00 2.719248951042894991e+00
1.108045404333766548e+01 2.720665457465153203e+00 2.762118656482210888e+00
9.162838292305918841e+00 2.719890159991502188e+00 2.734537063036146964e+00
8.177565548563860531e+00 2.727771776225029310e+00 2.719920623309405983e+00
9.988323573942217593e+00 2.682284600380365536e+00 2.719169456506842053e+00
7.432407884336080350e+00 2.716497583059825693e+00 2.685228138460595382e+00
1.040080076232528761e+01 2.790452741659797731e+00 2.795727248497393624e+00
7.805694800951892276e+00 2.749030754030487245e+00 2.713782069505743966e+00
1.096175583471374537e+01 2.765160423582341043e+00 2.784110585122482551e+00
8.881231462580243985e+00 2.716324360310511832e+00 2.706287246866751595e+00
8.938079688249022325e+00 2.738541522993091171e+00 2.730573944166028166e+00
8.797440389796317817e+00 2.701777833546187502e+00 2.706375615724434525e+00
1.005577761226080113e+01 2.783934636965013532e+00 2.808194300411023026e+00
8.181042973146405828e+00 2.712187607674189316e+00 2.722154805596022076e+00
9.419297513704130154e+00 2.733059355557511338e+00 2.758840629793038790e+00
9.450117558219654157e+00 2.758162168602894315e+00 2.776676432348200940e+00
8.110918005464606395e+00 2.754459176126746733e+00 2.758367378875823395e+00
9.670896777006111833e+00 2.847093003353454055e+00 2.859834651634016733e+00
1.015620087853959141e+01 2.758630252130640059e+00 2.813285869587800470e+00
1.033039624755194552e+01 2.724190625377034269e+00 2.788999260878214148e+00
7.735058547910974802e+00 2.689032102949604042e+00 2.718596995228939051e+00
9.968769572035458992e+00 2.745090203646591842e+00 2.816023436209760700e+00
7.791161917576683749e+00 2.667759591152621734e+00 2.715062452656120229e+00
9.844053816239501487e+00 2.756784271727988678e+00 2.834946004004827991e+00
8.395119447862979811e+00 2.725121095889798895e+00 2.784300345022783674e+00
1.005684813635595098e+01 2.745729947235374446e+00 2.835743516063599312e+00
8.470092614091349503e+00 2.670884428007019196e+00 2.743595677657223675e+00
8.470092614091349503e+00 2.670884428007019196e+00 2.743595677657223675e+00
8.470092614091347727e+00 2.670884428007019640e+00 2.743595677657224119e+00
9.366872714022424162e+00 2.766557660217994652e+00 2.829134165527985800e+00
9.329351351259134617e+00 2.786010335233662261e+00 2.846269536776820708e+00
8.785033239564864260e+00 2.728784129862594554e+00 2.792808930360360264e+00
1.073291151287912193e+01 2.799703112426062290e+00 2.880248486609908287e+00
8.474389518201622451e+00 2.631090320158830931e+00 2.712507755953557975e+00
1.055165446562245890e+01 2.711539956820126385e+00 2.804556307110575908e+00
8.008688093703222322e+00 2.759075495279590839e+00 2.759839555102971964e+00
9.695514759265332572e+00 2.780907072882400577e+00 2.800073974483303640e+00
9.209912417268174778e+00 2.781999046207001669e+00 2.792877020049941095e+00
1.008427852948950765e+01 2.807663712925446919e+00 2.827575796236354577e+00
8.449235707981101129e+00 2.684196862512193693e+00 2.705158478658650001e+00
9.716451367676713247e+00 2.779949754667345729e+00 2.795738738826613723e+00
8.602759356354495068e+00 2.748861518657201852e+00 2.750552439649673886e+00
9.588749636247879238e+00 2.759630005533201924e+00 2.779109964927107601e+00
8.398856680807913477e+00 2.696237199901600601e+00 2.699095022429266688e+00
9.501087159976925989e+00 2.758143469345919474e+00 2.765575212473322164e+00
1.020703940747573313e+01 2.780098920150676722e+00 2.795690711370613535e+00
9.191320026198143367e+00 2.721996833418828032e+00 2.735653407481070776e+00
9.403458128260817617e+00 2.752372409273136089e+00 2.763707893479070865e+00
8.478283398577946883e+00 2.717525354683656413e+00 2.725634723337286847e+00
9.560004582732238632e+00 2.758446730252815726e+00 2.780849334326365607e+00
8.712232090488928549e+00 2.731670164478096297e+00 2.743509705785369679e+00
1.044765391665889531e+01 2.760766383383443046e+00 2.796339014511763921e+00
7.614435543613008228e+00 2.668000992009353034e+00 2.628312809945851924e+00
1.039392386652513878e+01 2.880866056651123497e+00 2.839156003217516933e+00
9.270048764897767413e+00 2.750033473240253823e+00 2.718772587316315992e+00
8.797915449647774722e+00 2.760126283536884717e+00 2.713961951872605916e+00
9.405795964775016671e+00 2.804043102309232260e+00 2.762539928939450551e+00
8.434977108808626056e+00 2.678821299075717643e+00 2.652423656535940033e+00
8.873158040473262176e+00 2.724969375921933779e+00 2.716891248129792658e+00
1.003113109442133677e+01 2.797759523612333599e+00 2.798250139042981033e+00
7.931263014350972362e+00 2.694857978365340578e+00 2.655541759727602091e+00
9.566129547442455916e+00 2.765895159851216700e+00 2.753943135797779718e+00
8.001100699943732408e+00 2.669086266269979912e+00 2.620854501472247300e+00
1.037787930331263730e+01 2.791280825273882105e+00 2.754465118980202298e+00
7.961880318672363011e+00 2.710928888168738560e+00 2.651027162218950295e+00
9.564245670349032835e+00 2.737274986374635954e+00 2.722640767959369601e+00
9.885057256454887309e+00 2.687489226428281697e+00 2.650005298869392067e+00
8.462416044407746085e+00 2.689589203052079824e+00 2.626494303217085768e+00
8.975302185821004031e+00 2.732050447789180492e+00 2.686869806244183145e+00
1.060754149023786042e+01 2.800797927863373005e+00 2.768237955310872689e+00
9.213378629213631044e+00 2.759953766775613992e+00 2.706154133534696360e+00
8.535928090529830925e+00 2.721949891192322113e+00 2.673410353516071591e+00
9.225818416793558185e+00 2.739825718054151427e+00 2.689754498673954775e+00
9.090616506096180771e+00 2.723724548192513861e+00 2.672068076280567528e+00
1.089707746841074254e+01 2.871341128222270722e+00 2.817030711086351502e+00
9.460603100694967793e+00 2.753788270598852783e+00 2.703168597744834756e+00
8.721261422575215860e+00 2.668212149632050334e+00 2.628967089831992343e+00
1.023248657347737378e+01 2.769899832375017912e+00 2.743159072172503876e+00
8.457553881935917062e+00 2.761478126296461166e+00 2.709511342686532043e+00
9.166727509987188327e+00 2.716559154428513256e+00 2.692235466305943792e+00
1.375674169904978861e+01 2.809909599024505766e+00 2.817400806065490482e+00
7.557843657602477450e+00 2.671088571411324608e+00 2.620016763343107513e+00
1.020344033573104880e+01 2.810856039618907953e+00 2.779238085117464507e+00
9.018853648796330447e+00 2.730258503004456827e+00 2.689675622415340417e+00
8.143831817651669525e+00 2.773696585975536255e+00 2.721565842272097413e+00
1.017110050455137049e+01 2.766865371581229027e+00 2.743844570711672315e+00
1.008798557373604510e+01 2.753948248321290482e+00 2.737316696047523035e+00
8.429054604109616378e+00 2.762514877525405588e+00 2.716533768300720464e+00
9.442145377401061523e+00 2.760013492878310437e+00 2.737946903977552360e+00
1.099840605027593377e+01 2.781459973554603060e+00 2.773262800997052135e+00
7.898610858101748455e+00 2.743073553992091629e+00 2.696418619302607844e+00
9.280198642126155306e+00 2.753521395676080896e+00 2.729937195306418651e+00
8.538606290554950462e+00 2.779898193884012603e+00 2.753228796377856558e+00
9.126844173853266184e+00 2.770911742781501097e+00 2.757955614177461268e+00
9.231395344552755233e+00 2.774254613799872260e+00 2.763095097919397336e+00
9.407069847764347514e+00 2.763173892280884392e+00 2.758607518814761406e+00
8.466214157880711966e+00 2.692983134849244564e+00 2.680805856271442966e+00
9.470833568105510025e+00 2.815107040892207202e+00 2.787342254194840496e+00
9.051916632730423018e+00 2.694029711063863353e+00 2.670452825402407804e+00
8.649817509691464679e+00 2.740338009987056456e+00 2.699727832470112610e+00
8.477637855156919144e+00 2.744516520527400250e+00 2.664669767450861482e+00
9.393943136742622713e+00 2.812056259016883164e+00 2.734244401332466712e+00
1.118065601761490946e+01 2.805638587948684926e+00 2.752264267316958168e+00
8.942651808782379419e+00 2.750710715142461460e+00 2.686863942189603893e+00
8.390651867769436834e+00 2.844306713458670366e+00 2.749661480846568917e+00
8.948415650454768056e+00 2.834830282711965577e+00 2.760646477948288435e+00
9.470643027819694026e+00 2.835347204362369311e+00 2.769806470228953543e+00
8.228772470025056407e+00 2.778107631480069895e+00 2.701061319742468658e+00
9.517129298456223907e+00 2.769100025783163499e+00 2.716773514388396205e+00
9.781955963555002853e+00 2.807646885088794786e+00 2.751515190859650239e+00
9.608782998146994103e+00 2.789686538736998678e+00 2.734367771077937270e+00
9.357054380539654659e+00 2.816491787993431473e+00 2.752116909476789886e+00
8.829749243275273329e+00 2.768115733906781450e+00 2.705401658968509704e+00
1.040120564555061122e+01 2.764502545941267986e+00 2.720820656441374386e+00
7.572506646388999840e+00 2.671126305022903047e+00 2.579116173541089463e+00
1.070478298203907741e+01 2.856610252931241600e+00 2.707450596469971771e+00
9.502595777376013686e+00 2.811307233064920030e+00 2.655855996740167591e+00
1.003984946137843437e+01 2.746870323375072864e+00 2.598590901696803623e+00
9.717459590142787818e+00 2.802235451956446965e+00 2.628451248675599317e+00
8.375599648822090515e+00 2.790220761616747591e+00 2.606785773381120830e+00
9.836984130485948441e+00 2.776146937676599702e+00 2.605307147893150876e+00
8.255653944010308720e+00 2.792669666797578998e+00 2.599790592441338699e+00
9.199526352196825130e+00 2.759859980968131676e+00 2.619323332233671753e+00
9.616092364979106577e+00 2.795107598122760884e+00 2.674601897563767761e+00
9.019673940623134101e+00 2.781222894387275435e+00 2.638782038175772282e+00
9.019673940623134101e+00 2.781222894387275435e+00 2.638782038175772282e+00
1.089142985649081119e+01 2.909413027065051782e+00 2.769007266646990040e+00
9.870813203033950600e+00 2.914233661625411198e+00 2.759828786737132056e+00
8.403108911221028876e+00 2.707640241201129783e+00 2.562399255814469701e+00
9.734275502229307264e+00 2.754745378479064755e+00 2.658511672170793538e+00
8.083995538431189232e+00 2.787765757731528016e+00 2.661318571418620049e+00
1.045615334747228786e+01 2.822294817975905534e+00 2.724359762440351940e+00
9.769239218480446851e+00 2.823998056574623217e+00 2.720290045709973459e+00
9.692503746528627673e+00 2.803759987795655828e+00 2.698784311387092405e+00
7.595314639245307475e+00 2.770672361999153122e+00 2.644771698420760764e+00
1.040912792794057395e+01 2.899917445523215065e+00 2.796408214007446880e+00
7.910112850932901729e+00 2.790047225068307934e+00 2.668494833081103135e+00
1.035668558503997261e+01 2.879447419435157585e+00 2.780979061533022545e+00
9.220549971483036344e+00 2.776522635791758287e+00 2.680402911050670856e+00
9.112565225949403214e+00 2.759283060002346133e+00 2.675086076412232394e+00
1.054390147520361509e+01 2.755384620350994851e+00 2.653804444374830762e+00
8.061936326944699971e+00 2.730718904191013596e+00 2.586390143850331835e+00
1.007964625306846074e+01 2.751081992509636365e+00 2.641053954228465450e+00
8.601181279498774757e+00 2.724295260526434337e+00 2.616703328770323189e+00
9.585444199217455719e+00 2.794061426712826091e+00 2.684539666403964020e+00
9.248220283277230891e+00 2.779012427228165105e+00 2.667139015271403402e+00
8.602334422089336741e+00 2.811573492416014286e+00 2.688165990693653473e+00
9.236600881855004275e+00 2.777544984129196148e+00 2.670888633199735906e+00
8.626704229811553049e+00 2.776002467614162139e+00 2.650196407808776744e+00
1.126668831174474406e+01 2.791302344411387359e+00 2.701062847138130163e+00
8.249914082255342507e+00 2.708431502873687613e+00 2.572830672756457382e+00
1.004343265600567037e+01 2.807496944210125633e+00 2.632695701914892439e+00
7.988493981502966079e+00 2.756156123907234967e+00 2.609785996736927682e+00
7.988493981502966079e+00 2.756156123907234967e+00 2.609785996736927682e+00
1.034790028603513967e+01 2.864559380285545576e+00 2.712564355051772402e+00
9.579862413322809189e+00 2.785387818400578031e+00 2.634598881797780123e+00
9.296610601830348486e+00 2.776644575070806198e+00 2.631910660977232475e+00
9.296610601830348486e+00 2.776644575070806198e+00 2.631910660977232475e+00
1.001240734798792253e+01 2.795370524063457651e+00 2.677162881828779373e+00
9.506425210167286366e+00 2.836401928561524510e+00 2.706977167554085018e+00
9.127042156961454822e+00 2.750595567462435387e+00 2.634813395821958171e+00
9.136321847229531556e+00 2.841585212547114381e+00 2.721947884027390963e+00
9.724483373254665608e+00 2.794623851327343811e+00 2.689065162638652584e+00
8.561184080130997742e+00 2.795555233245589744e+00 2.657762331383345167e+00
9.103123968419904344e+00 2.735102032130953820e+00 2.632063645663812235e+00
9.298836164971408635e+00 2.805828441633217540e+00 2.673687685943313408e+00
9.036920118871682561e+00 2.827559613808460881e+00 2.665927346951914689e+00
9.036920118871682561e+00 2.827559613808460881e+00 2.665927346951914689e+00
9.530100570017744133e+00 2.734223937262749704e+00 2.590516269844211905e+00
9.077365116089470831e+00 2.732426675060075638e+00 2.594646718933163676e+00
8.271104488298854918e+00 2.716542626633372759e+00 2.529482373913853444e+00
1.060569107444076131e+01 2.897917779995377696e+00 2.721809438925847591e+00
8.745419791714050817e+00 2.770369891814351782e+00 2.594232448935946067e+00
9.413859448528958396e+00 2.825128165747886833e+00 2.640181412665891347e+00
9.439758181402929438e+00 2.823656212482066774e+00 2.636536156173816980e+00
8.263223842710859302e+00 2.777905426325705474e+00 2.584629915132435229e+00
9.441112737401027744e+00 2.805633350029387074e+00 2.625399169154102097e+00
8.421046579750647965e+00 2.752154298670770327e+00 2.570645593690187081e+00
9.909955440934851367e+00 2.820996404110031719e+00 2.673473575188695772e+00
8.854227851106355018e+00 2.805883504529039119e+00 2.644854280106165412e+00
8.993000512171057892e+00 2.783521407119719626e+00 2.642033910626610194e+00
9.024986558325528208e+00 2.774297764983506998e+00 2.648209613587376943e+00
8.747617864527580167e+00 2.819445956229948536e+00 2.675940760026612963e+00
9.302682887784682109e+00 2.886417990879196704e+00 2.744526539923875408e+00
9.231082466041939938e+00 2.844668460315500358e+00 2.709844941435057830e+00
1.046476671056696439e+01 2.924186437938760985e+00 2.792085788330233243e+00
7.860550493819596696e+00 2.810532613383324829e+00 2.667301223411066236e+00
9.952275347768463121e+00 2.720425443124301346e+00 2.646024247413458319e+00
8.927686121604748948e+00 2.798486305802191598e+00 2.706956361211386941e+00
